# x	y	u	v	mask
  0.2072	  4.7244	  2.2854	 -2.0593	  0.0000
  0.4559	  4.7244	  1.9929	 -1.9751	  0.0000
  0.7045	  4.7244	  1.9927	 -1.9948	  0.0000
  0.9532	  4.7244	  2.0322	 -2.0173	  0.0000
  1.2018	  4.7244	  2.0635	 -1.9981	  0.0000
  1.4505	  4.7244	  1.9759	 -1.9957	  0.0000
  1.6991	  4.7244	  2.2584	 -2.0313	  0.0000
  1.9478	  4.7244	  0.0691	 -0.0950	  0.0000
  2.1964	  4.7244	  0.0406	 -0.0837	  0.0000
  2.4451	  4.7244	  1.9437	 -2.0072	  0.0000
  2.6937	  4.7244	  0.0364	 -0.1068	  0.0000
  2.9424	  4.7244	  0.0018	 -0.0783	  0.0000
  3.1910	  4.7244	  2.0478	 -1.9776	  0.0000
  3.4397	  4.7244	  0.0343	 -0.0632	  0.0000
  3.6884	  4.7244	  0.0904	 -0.1671	  0.0000
  3.9370	  4.7244	 -0.1034	 -1.9404	  0.0000
  4.1857	  4.7244	 -6.7708	 -2.0827	  0.0000
  4.4343	  4.7244	 -0.0757	 -0.1796	  0.0000
  4.6830	  4.7244	 -2.0967	 -1.9930	  0.0000
  4.9316	  4.7244	 -3.1948	 -1.9667	  0.0000
  5.1803	  4.7244	 -2.0513	 -2.0003	  0.0000
  5.4289	  4.7244	 -2.0649	 -1.9763	  0.0000
  5.6776	  4.7244	 -2.0329	 -2.0117	  0.0000
  5.9262	  4.7244	 -1.9814	 -1.9801	  0.0000
  6.1749	  4.7244	 -2.0672	 -2.0379	  0.0000
  6.4235	  4.7244	 -1.8563	 -2.2462	  0.0000
  0.2072	  4.4758	  1.9812	 -1.9807	  0.0000
  0.4559	  4.4758	  2.0499	 -0.2220	  0.0000
  0.7045	  4.4758	  1.9854	 -0.0909	  0.0000
  0.9532	  4.4758	  2.0244	 -0.5236	  0.0000
  1.2018	  4.4758	  1.9906	 -1.2617	  0.0000
  1.4505	  4.4758	  0.1149	 -0.0836	  0.0000
  1.6991	  4.4758	  0.7828	 -0.3402	  1.0000
  1.9478	  4.4758	  0.0223	 -0.0767	  0.0000
  2.1964	  4.4758	  0.0174	 -0.0570	  0.0000
  2.4451	  4.4758	  0.0007	 -0.0334	  0.0000
  2.6937	  4.4758	  0.0071	 -0.0240	  0.0000
  2.9424	  4.4758	 -0.0158	 -0.0120	  0.0000
  3.1910	  4.4758	  0.0171	 -0.0153	  0.0000
  3.4397	  4.4758	  0.0156	 -0.0010	  0.0000
  3.6884	  4.4758	 -0.0049	 -0.0802	  0.0000
  3.9370	  4.4758	 -0.0077	 -0.0794	  0.0000
  4.1857	  4.4758	 -0.0004	 -0.0447	  0.0000
  4.4343	  4.4758	 -0.0155	 -0.0517	  0.0000
  4.6830	  4.4758	 -0.0618	 -0.0389	  0.0000
  4.9316	  4.4758	 -0.0378	 -0.0406	  0.0000
  5.1803	  4.4758	 -0.1569	 -0.0321	  0.0000
  5.4289	  4.4758	 -0.1535	 -0.0977	  0.0000
  5.6776	  4.4758	 -2.0348	 -1.9439	  0.0000
  5.9262	  4.4758	 -2.0194	 -2.0120	  0.0000
  6.1749	  4.4758	 -2.0141	 -2.0025	  0.0000
  6.4235	  4.4758	 -2.0711	 -2.0364	  0.0000
  0.2072	  4.2271	  2.0482	 -2.0214	  0.0000
  0.4559	  4.2271	  2.0249	 -0.2598	  0.0000
  0.7045	  4.2271	  2.0272	  0.3628	  0.0000
  0.9532	  4.2271	  2.1148	  0.7925	  0.0000
  1.2018	  4.2271	  2.0202	  0.1922	  0.0000
  1.4505	  4.2271	  2.0472	  0.5438	  0.0000
  1.6991	  4.2271	  0.1748	  0.1509	  0.0000
  1.9478	  4.2271	  2.0315	  0.4296	  0.0000
  2.1964	  4.2271	  0.1038	  0.1108	  0.0000
  2.4451	  4.2271	  0.0753	  0.1200	  0.0000
  2.6937	  4.2271	 -0.0007	  0.0822	  0.0000
  2.9424	  4.2271	 -0.0257	  0.0473	  0.0000
  3.1910	  4.2271	  0.0171	  0.0704	  0.0000
  3.4397	  4.2271	  0.0213	  0.0580	  0.0000
  3.6884	  4.2271	  0.0045	  0.0524	  0.0000
  3.9370	  4.2271	  0.0029	  0.0438	  0.0000
  4.1857	  4.2271	  0.0194	  0.0338	  0.0000
  4.4343	  4.2271	 -0.7231	 -0.2445	  1.0000
  4.6830	  4.2271	 -0.0294	  0.0179	  0.0000
  4.9316	  4.2271	 -0.0682	  0.0292	  0.0000
  5.1803	  4.2271	 -0.0452	  0.0101	  0.0000
  5.4289	  4.2271	 -0.1258	 -0.0435	  0.0000
  5.6776	  4.2271	 -0.1431	 -0.0424	  0.0000
  5.9262	  4.2271	 -2.0477	 -0.9066	  0.0000
  6.1749	  4.2271	 -1.9860	 -1.3879	  0.0000
  6.4235	  4.2271	 -2.0297	 -1.9387	  0.0000
  0.2072	  3.9785	  1.9785	 -1.9639	  0.0000
  0.4559	  3.9785	  2.0055	 -1.9982	  0.0000
  0.7045	  3.9785	  1.8952	 -2.0025	  0.0000
  0.9532	  3.9785	 -0.4295	 -1.8738	  0.0000
  1.2018	  3.9785	  0.0722	 -0.1205	  0.0000
  1.4505	  3.9785	 -0.0474	 -0.1598	  0.0000
  1.6991	  3.9785	 -0.1596	  0.0100	  0.0000
  1.9478	  3.9785	  0.2363	  0.3649	  0.0000
  2.1964	  3.9785	 -0.1579	 -0.3038	  0.0000
  2.4451	  3.9785	 -0.1907	 -0.2013	  0.0000
  2.6937	  3.9785	  0.0302	  0.0109	  0.0000
  2.9424	  3.9785	 -0.0997	  0.0294	  0.0000
  3.1910	  3.9785	  4.5846	  1.9547	  0.0000
  3.4397	  3.9785	  1.5132	  1.8241	  0.0000
  3.6884	  3.9785	  0.0870	  1.3427	  0.0000
  3.9370	  3.9785	  0.0287	  0.6227	  0.0000
  4.1857	  3.9785	 -0.1360	  0.0418	  1.0000
  4.4343	  3.9785	 -0.2510	  0.0678	  1.0000
  4.6830	  3.9785	 -0.5931	  1.8685	  0.0000
  4.9316	  3.9785	 -2.4763	  1.8704	  0.0000
  5.1803	  3.9785	 -0.0408	  0.2103	  0.0000
  5.4289	  3.9785	 -2.0613	  0.6666	  0.0000
  5.6776	  3.9785	 -2.0602	  0.6431	  0.0000
  5.9262	  3.9785	 -2.1034	  0.6904	  0.0000
  6.1749	  3.9785	 -1.9706	  0.1143	  0.0000
  6.4235	  3.9785	 -2.0071	 -0.1661	  0.0000
  0.2072	  3.7298	  1.9579	 -1.9335	  0.0000
  0.4559	  3.7298	  1.2111	 -1.8442	  0.0000
  0.7045	  3.7298	 -1.8963	 -1.8376	  0.0000
  0.9532	  3.7298	  1.9218	 -1.8525	  0.0000
  1.2018	  3.7298	  0.2728	 -0.4127	  1.0000
  1.4505	  3.7298	  1.3003	 -1.7714	  0.0000
  1.6991	  3.7298	 -0.4999	 -1.9541	  0.0000
  1.9478	  3.7298	 -2.0930	 -1.9728	  0.0000
  2.1964	  3.7298	 -0.1205	 -0.1351	  0.0000
  2.4451	  3.7298	 -0.1830	 -0.1336	  0.0000
  2.6937	  3.7298	  3.0074	 -2.0663	  0.0000
  2.9424	  3.7298	 -0.0458	 -0.1949	  0.0000
  3.1910	  3.7298	  0.0431	 -0.2287	  0.0000
  3.4397	  3.7298	  0.0149	 -0.1277	  0.0000
  3.6884	  3.7298	  0.0027	  0.0287	  0.0000
  3.9370	  3.7298	 -0.0343	  0.0748	  0.0000
  4.1857	  3.7298	 -1.3569	 -1.9236	  0.0000
  4.4343	  3.7298	  0.0328	 -0.0316	  0.0000
  4.6830	  3.7298	 -0.0315	 -0.1282	  0.0000
  4.9316	  3.7298	 -0.0972	 -0.0369	  0.0000
  5.1803	  3.7298	  0.0132	 -0.0441	  0.0000
  5.4289	  3.7298	  0.0884	 -0.1007	  0.0000
  5.6776	  3.7298	 -0.0224	 -0.0463	  0.0000
  5.9262	  3.7298	  1.2801	 -0.3323	  0.0000
  6.1749	  3.7298	  0.0055	  0.0034	  0.0000
  6.4235	  3.7298	 -3.7085	 -2.2431	  0.0000
  0.2072	  3.4811	  2.1369	 -2.0402	  0.0000
  0.4559	  3.4811	  0.4805	 -1.8600	  0.0000
  0.7045	  3.4811	 -1.8379	 -1.9192	  0.0000
  0.9532	  3.4811	 -0.0698	  0.4869	  0.0000
  1.2018	  3.4811	  0.0854	  0.4649	  0.0000
  1.4505	  3.4811	  0.6823	  0.0073	  0.0000
  1.6991	  3.4811	 -0.0301	  0.2159	  0.0000
  1.9478	  3.4811	 -1.9756	 -0.3981	  0.0000
  2.1964	  3.4811	  0.1794	 -0.4839	  0.0000
  2.4451	  3.4811	 -0.0677	 -0.2463	  0.0000
  2.6937	  3.4811	  0.1873	 -0.4890	  0.0000
  2.9424	  3.4811	 -0.0297	 -0.4175	  0.0000
  3.1910	  3.4811	  0.0459	 -0.0786	  0.0000
  3.4397	  3.4811	 -0.0244	 -0.0148	  0.0000
  3.6884	  3.4811	  0.0010	 -0.1088	  0.0000
  3.9370	  3.4811	 -0.1689	  0.3416	  0.0000
  4.1857	  3.4811	 -0.2909	 -0.5461	  0.0000
  4.4343	  3.4811	  0.1134	 -0.1455	  0.0000
  4.6830	  3.4811	  0.0127	 -0.0693	  0.0000
  4.9316	  3.4811	 -0.1042	  0.0647	  0.0000
  5.1803	  3.4811	  0.0088	  0.1369	  0.0000
  5.4289	  3.4811	  1.1750	 -1.8361	  0.0000
  5.6776	  3.4811	 -1.9161	 -1.8640	  0.0000
  5.9262	  3.4811	  0.4396	  0.2690	  0.0000
  6.1749	  3.4811	 -0.1005	  0.8249	  0.0000
  6.4235	  3.4811	  0.1978	 -1.8790	  0.0000
  0.2072	  3.2325	  1.9594	 -2.1429	  0.0000
  0.4559	  3.2325	  0.1355	 -0.1109	  0.0000
  0.7045	  3.2325	 -1.8228	 -0.0322	  0.0000
  0.9532	  3.2325	 -1.5909	  0.2138	  0.0000
  1.2018	  3.2325	  0.4639	  0.1439	  0.0000
  1.4505	  3.2325	  0.0223	  0.0181	  0.0000
  1.6991	  3.2325	  0.1034	  0.0160	  0.0000
  1.9478	  3.2325	  0.4833	 -0.4169	  0.0000
  2.1964	  3.2325	  0.0205	 -0.3066	  0.0000
  2.4451	  3.2325	  0.0550	  0.2304	  0.0000
  2.6937	  3.2325	  0.0406	  0.0319	  0.0000
  2.9424	  3.2325	 -0.0244	  0.4154	  0.0000
  3.1910	  3.2325	 -0.0155	  0.1957	  0.0000
  3.4397	  3.2325	 -0.1806	  0.4995	  0.0000
  3.6884	  3.2325	  0.0177	  0.5152	  0.0000
  3.9370	  3.2325	 -0.4877	  0.6048	  0.0000
  4.1857	  3.2325	 -0.0303	 -0.2709	  0.0000
  4.4343	  3.2325	  0.0644	  0.0281	  0.0000
  4.6830	  3.2325	  0.0020	  0.0120	  0.0000
  4.9316	  3.2325	 -0.0301	 -0.0043	  0.0000
  5.1803	  3.2325	 -0.6053	 -0.2522	  0.0000
  5.4289	  3.2325	  0.4264	 -1.2622	  0.0000
  5.6776	  3.2325	 -1.8270	 -1.8466	  0.0000
  5.9262	  3.2325	 -1.8517	 -2.0466	  0.0000
  6.1749	  3.2325	  0.1063	 -0.0258	  0.0000
  6.4235	  3.2325	  0.1737	 -0.0704	  0.0000
  0.2072	  2.9838	  2.1611	 -2.0031	  0.0000
  0.4559	  2.9838	  0.2133	  1.9529	  0.0000
  0.7045	  2.9838	 -1.8538	  1.9092	  0.0000
  0.9532	  2.9838	  4.5250	  0.5491	  0.0000
  1.2018	  2.9838	  0.8258	  0.1412	  0.0000
  1.4505	  2.9838	  0.2497	  0.1184	  0.0000
  1.6991	  2.9838	 -0.1027	 -0.1431	  0.0000
  1.9478	  2.9838	 -0.4605	 -0.2509	  0.0000
  2.1964	  2.9838	 -0.9793	 -1.1299	  0.0000
  2.4451	  2.9838	 -0.0565	 -0.0118	  0.0000
  2.6937	  2.9838	 -0.1202	  0.1194	  0.0000
  2.9424	  2.9838	 -0.1139	 -0.1169	  0.0000
  3.1910	  2.9838	 -4.6039	  2.2902	  0.0000
  3.4397	  2.9838	  0.5730	 -0.0805	  0.0000
  3.6884	  2.9838	  0.0153	  0.6678	  0.0000
  3.9370	  2.9838	 -0.8643	  1.0305	  0.0000
  4.1857	  2.9838	 -0.0591	  0.0644	  0.0000
  4.4343	  2.9838	  0.0445	 -0.1043	  0.0000
  4.6830	  2.9838	 -0.3157	 -0.0214	  0.0000
  4.9316	  2.9838	 -0.4913	 -0.4907	  0.0000
  5.1803	  2.9838	  8.9450	  6.4094	  0.0000
  5.4289	  2.9838	 -0.0519	  4.7174	  0.0000
  5.6776	  2.9838	 -1.3810	  5.5882	  0.0000
  5.9262	  2.9838	 -2.1474	  6.5113	  0.0000
  6.1749	  2.9838	  0.0218	  0.0634	  0.0000
  6.4235	  2.9838	  1.9263	 -2.0553	  0.0000
  0.2072	  2.7352	  2.2431	 -0.3649	  0.0000
  0.4559	  2.7352	  0.1443	  1.8252	  0.0000
  0.7045	  2.7352	 -1.8731	  2.1499	  0.0000
  0.9532	  2.7352	  6.7249	  3.5020	  0.0000
  1.2018	  2.7352	  1.5208	  1.3452	  0.0000
  1.4505	  2.7352	  0.2586	 -0.1335	  0.0000
  1.6991	  2.7352	 -0.0831	  0.0469	  0.0000
  1.9478	  2.7352	 -0.0274	 -0.1088	  0.0000
  2.1964	  2.7352	 -0.1478	 -0.0050	  0.0000
  2.4451	  2.7352	 -0.1653	  0.0146	  0.0000
  2.6937	  2.7352	 -0.5547	  0.8434	  0.0000
  2.9424	  2.7352	 -0.6950	  0.8247	  0.0000
  3.1910	  2.7352	 -8.6545	  6.1369	  0.0000
  3.4397	  2.7352	  0.1812	 -0.0975	  0.0000
  3.6884	  2.7352	  0.0315	  0.4111	  0.0000
  3.9370	  2.7352	  4.2374	 -7.8716	  0.0000
  4.1857	  2.7352	  0.0643	  0.0228	  0.0000
  4.4343	  2.7352	  0.0625	  0.1690	  0.0000
  4.6830	  2.7352	  0.1479	  0.4321	  0.0000
  4.9316	  2.7352	  0.0189	 -0.4292	  0.0000
  5.1803	  2.7352	  0.0222	 -0.3095	  0.0000
  5.4289	  2.7352	  0.2884	 -0.5917	  0.0000
  5.6776	  2.7352	 -1.8266	 -1.9547	  0.0000
  5.9262	  2.7352	  0.2759	 -0.5289	  0.0000
  6.1749	  2.7352	  0.0700	  0.1053	  0.0000
  6.4235	  2.7352	  1.9452	 -2.0618	  0.0000
  0.2072	  2.4865	  2.1838	  6.0648	  0.0000
  0.4559	  2.4865	 -0.0347	  0.5438	  0.0000
  0.7045	  2.4865	 -1.8616	  1.4524	  0.0000
  0.9532	  2.4865	 -3.0691	  2.2505	  0.0000
  1.2018	  2.4865	  0.9498	 -1.9871	  0.0000
  1.4505	  2.4865	  0.1361	 -0.0368	  0.0000
  1.6991	  2.4865	 -0.1458	  0.1078	  0.0000
  1.9478	  2.4865	 -0.2429	  0.2026	  0.0000
  2.1964	  2.4865	 -0.4236	  0.4386	  0.0000
  2.4451	  2.4865	  0.3674	  0.2249	  0.0000
  2.6937	  2.4865	 -0.4395	  0.7275	  0.0000
  2.9424	  2.4865	 -0.8591	  0.8252	  0.0000
  3.1910	  2.4865	 -0.2741	  0.0647	  0.0000
  3.4397	  2.4865	 -0.3507	  0.6415	  0.0000
  3.6884	  2.4865	  0.0247	  0.2731	  0.0000
  3.9370	  2.4865	  0.4445	 -0.6743	  1.0000
  4.1857	  2.4865	  0.4717	 -0.3598	  1.0000
  4.4343	  2.4865	  7.5055	 -7.1674	  0.0000
  4.6830	  2.4865	 -0.0283	 -0.1788	  0.0000
  4.9316	  2.4865	 -0.3571	 -0.1122	  0.0000
  5.1803	  2.4865	 -2.9337	  0.5389	  0.0000
  5.4289	  2.4865	 -0.4937	  0.8081	  1.0000
  5.6776	  2.4865	 -1.8220	 -7.4669	  0.0000
  5.9262	  2.4865	  0.0937	 -0.0392	  0.0000
  6.1749	  2.4865	  0.0647	 -0.0841	  0.0000
  6.4235	  2.4865	  2.0311	 -1.9605	  0.0000
  0.2072	  2.2379	  1.8394	 -1.8217	  0.0000
  0.4559	  2.2379	 -0.0049	  0.5362	  0.0000
  0.7045	  2.2379	  7.5570	  2.1601	  0.0000
  0.9532	  2.2379	  2.6571	  3.2013	  0.0000
  1.2018	  2.2379	  1.5431	  0.3307	  0.0000
  1.4505	  2.2379	  0.2535	  0.1012	  0.0000
  1.6991	  2.2379	 -0.0849	  0.2051	  0.0000
  1.9478	  2.2379	 -0.4079	  0.0916	  0.0000
  2.1964	  2.2379	 -1.1414	  0.4504	  0.0000
  2.4451	  2.2379	  0.6663	  0.4897	  0.0000
  2.6937	  2.2379	 -0.1644	 -0.0031	  0.0000
  2.9424	  2.2379	  7.2965	 -5.5378	  0.0000
  3.1910	  2.2379	  5.5994	  7.2735	  0.0000
  3.4397	  2.2379	  0.0857	  0.5191	  0.0000
  3.6884	  2.2379	 -0.0030	  0.0514	  0.0000
  3.9370	  2.2379	  3.0898	  1.9548	  0.0000
  4.1857	  2.2379	  0.7846	 -0.4507	  1.0000
  4.4343	  2.2379	  1.0404	 -0.3333	  0.0000
  4.6830	  2.2379	  0.2032	  0.1714	  0.0000
  4.9316	  2.2379	 -0.3677	  0.1475	  0.0000
  5.1803	  2.2379	 -3.3324	  4.0937	  0.0000
  5.4289	  2.2379	  0.0805	 -0.2249	  0.0000
  5.6776	  2.2379	 -1.1937	 -0.2045	  0.0000
  5.9262	  2.2379	 -0.1310	 -0.0293	  0.0000
  6.1749	  2.2379	  0.0656	  0.4253	  0.0000
  6.4235	  2.2379	  0.1500	 -0.1133	  0.0000
  0.2072	  1.9892	  1.8365	  4.5891	  0.0000
  0.4559	  1.9892	  0.3458	  2.4750	  1.0000
  0.7045	  1.9892	  5.8143	  2.1458	  0.0000
  0.9532	  1.9892	 -4.0495	  9.5747	  0.0000
  1.2018	  1.9892	  0.1470	  0.0894	  0.0000
  1.4505	  1.9892	  8.3091	 -7.1151	  0.0000
  1.6991	  1.9892	  0.1206	  0.2326	  0.0000
  1.9478	  1.9892	 -0.2778	  0.6325	  0.0000
  2.1964	  1.9892	 -3.0944	  3.0144	  0.0000
  2.4451	  1.9892	 -1.7032	 -0.9817	  0.0000
  2.6937	  1.9892	 -9.0381	 -1.6443	  0.0000
  2.9424	  1.9892	 -0.1834	 -0.5518	  0.0000
  3.1910	  1.9892	  0.1534	  0.3973	  0.0000
  3.4397	  1.9892	  0.7497	  0.7989	  0.0000
  3.6884	  1.9892	  0.0057	 -0.1387	  0.0000
  3.9370	  1.9892	 -9.0262	 -7.1268	  0.0000
  4.1857	  1.9892	  0.9706	  1.2510	  0.0000
  4.4343	  1.9892	  1.0329	 -0.3079	  0.0000
  4.6830	  1.9892	  1.9123	  9.2402	  0.0000
  4.9316	  1.9892	 -0.4048	  0.4489	  0.0000
  5.1803	  1.9892	 -3.4898	 -2.2446	  0.0000
  5.4289	  1.9892	 -0.0511	 -2.0061	  0.0000
  5.6776	  1.9892	 -1.6427	  8.1813	  0.0000
  5.9262	  1.9892	  0.0826	 -0.5644	  1.0000
  6.1749	  1.9892	 -0.1398	 -1.8756	  0.0000
  6.4235	  1.9892	  0.1506	 -0.2244	  0.0000
  0.2072	  1.7406	  1.8597	  3.5921	  0.0000
  0.4559	  1.7406	 -0.2156	  2.1180	  0.0000
  0.7045	  1.7406	  0.6289	  1.4819	  1.0000
  0.9532	  1.7406	 -2.7698	  0.6622	  0.0000
  1.2018	  1.7406	  0.0697	  0.0832	  0.0000
  1.4505	  1.7406	 -0.2281	  0.0511	  0.0000
  1.6991	  1.7406	  1.3192	  2.2685	  0.0000
  1.9478	  1.7406	 -0.7371	  1.9399	  0.0000
  2.1964	  1.7406	  6.7061	  6.7616	  0.0000
  2.4451	  1.7406	  2.4871	 -8.8853	  0.0000
  2.6937	  1.7406	 -1.0868	 -1.6899	  0.0000
  2.9424	  1.7406	 -0.1194	 -0.5352	  0.0000
  3.1910	  1.7406	 -1.8806	 -1.2529	  0.0000
  3.4397	  1.7406	  8.6312	  7.8137	  0.0000
  3.6884	  1.7406	  0.0040	 -0.0219	  0.0000
  3.9370	  1.7406	  3.1109	  1.9836	  0.0000
  4.1857	  1.7406	  1.9872	 -2.3106	  0.0000
  4.4343	  1.7406	  1.0803	 -0.6959	  0.0000
  4.6830	  1.7406	  0.4606	  0.4103	  0.0000
  4.9316	  1.7406	 -0.5428	  1.2463	  0.0000
  5.1803	  1.7406	 -3.4873	  7.8013	  0.0000
  5.4289	  1.7406	  0.4111	 -2.2102	  0.0000
  5.6776	  1.7406	 -1.8611	 -2.9622	  0.0000
  5.9262	  1.7406	  6.8979	  0.9662	  0.0000
  6.1749	  1.7406	  0.0002	  0.0132	  0.0000
  6.4235	  1.7406	  0.1450	  0.0938	  0.0000
  0.2072	  1.4919	  1.8858	  5.5779	  0.0000
  0.4559	  1.4919	 -0.2522	  5.2980	  0.0000
  0.7045	  1.4919	  0.9392	  2.4559	  0.0000
  0.9532	  1.4919	 -8.3761	 -4.9209	  0.0000
  1.2018	  1.4919	  0.4210	  0.4691	  0.0000
  1.4505	  1.4919	  0.1520	  0.4903	  1.0000
  1.6991	  1.4919	  0.2890	 -2.5220	  0.0000
  1.9478	  1.4919	  0.8891	 -2.3185	  0.0000
  2.1964	  1.4919	 -0.7581	  0.6766	  0.0000
  2.4451	  1.4919	  8.1720	  2.0733	  0.0000
  2.6937	  1.4919	 -1.4695	  2.2142	  0.0000
  2.9424	  1.4919	 -1.4943	 -0.2895	  0.0000
  3.1910	  1.4919	 -0.4828	 -0.6338	  0.0000
  3.4397	  1.4919	  5.1458	  1.4489	  0.0000
  3.6884	  1.4919	  0.0181	  0.3360	  0.0000
  3.9370	  1.4919	 -0.5458	  0.4470	  0.0000
  4.1857	  1.4919	  2.0186	  0.8433	  0.0000
  4.4343	  1.4919	  0.7840	 -0.0180	  0.0000
  4.6830	  1.4919	  0.6405	 -0.1022	  0.0000
  4.9316	  1.4919	 -0.1168	  0.6934	  0.0000
  5.1803	  1.4919	 -0.3942	  0.3752	  1.0000
  5.4289	  1.4919	  0.1625	 -5.3652	  0.0000
  5.6776	  1.4919	 -1.8578	  0.2539	  0.0000
  5.9262	  1.4919	  0.1114	  0.0365	  0.0000
  6.1749	  1.4919	 -0.0070	  0.0433	  0.0000
  6.4235	  1.4919	  0.7975	  0.3694	  1.0000
  0.2072	  1.2433	  1.8063	 -3.1430	  0.0000
  0.4559	  1.2433	 -0.0762	 -2.7043	  0.0000
  0.7045	  1.2433	  1.1952	  2.4505	  0.0000
  0.9532	  1.2433	  0.4891	  0.2246	  1.0000
  1.2018	  1.2433	  0.4007	  0.1122	  0.0000
  1.4505	  1.2433	  0.0678	 -0.1131	  1.0000
  1.6991	  1.2433	  0.0128	  0.2111	  0.0000
  1.9478	  1.2433	  0.5540	 -1.9652	  0.0000
  2.1964	  1.2433	 -1.7400	  0.9294	  0.0000
  2.4451	  1.2433	 -0.0051	 -2.2420	  0.0000
  2.6937	  1.2433	 -0.8289	 -2.0404	  0.0000
  2.9424	  1.2433	 -0.8499	 -0.4645	  0.0000
  3.1910	  1.2433	 -0.5251	  0.9462	  1.0000
  3.4397	  1.2433	 -3.0617	 -3.0276	  0.0000
  3.6884	  1.2433	  0.0050	  0.0922	  0.0000
  3.9370	  1.2433	  0.0167	  0.7798	  0.0000
  4.1857	  1.2433	  1.5566	 -5.5181	  0.0000
  4.4343	  1.2433	 -7.3119	 -7.8039	  0.0000
  4.6830	  1.2433	  0.3144	  0.1689	  0.0000
  4.9316	  1.2433	 -0.3396	  0.4448	  0.0000
  5.1803	  1.2433	  2.1641	  1.3686	  0.0000
  5.4289	  1.2433	 -0.1707	 -5.7899	  0.0000
  5.6776	  1.2433	  0.1040	 -0.1219	  1.0000
  5.9262	  1.2433	  0.0154	  0.0876	  0.0000
  6.1749	  1.2433	 -0.0058	  0.0602	  0.0000
  6.4235	  1.2433	  1.8973	 -2.4226	  0.0000
  0.2072	  0.9946	  1.5712	  2.0014	  0.0000
  0.4559	  0.9946	  0.0515	  2.0426	  0.0000
  0.7045	  0.9946	  4.9044	  4.3840	  0.0000
  0.9532	  0.9946	  0.6285	  3.7483	  0.0000
  1.2018	  0.9946	  4.9657	 -3.1058	  0.0000
  1.4505	  0.9946	 -1.7168	  1.1169	  0.0000
  1.6991	  0.9946	 -2.6060	  6.3123	  0.0000
  1.9478	  0.9946	  5.7319	  6.1519	  0.0000
  2.1964	  0.9946	  0.3184	 -2.1512	  0.0000
  2.4451	  0.9946	  1.3995	  3.6784	  0.0000
  2.6937	  0.9946	 -0.2003	  2.2196	  0.0000
  2.9424	  0.9946	 -0.6478	  1.5346	  1.0000
  3.1910	  0.9946	 -8.8098	  6.0662	  0.0000
  3.4397	  0.9946	 -3.0507	  5.0512	  0.0000
  3.6884	  0.9946	  0.0287	  0.6680	  0.0000
  3.9370	  0.9946	  1.9713	 -0.1236	  0.0000
  4.1857	  0.9946	  0.9018	  3.8535	  0.0000
  4.4343	  0.9946	  0.5490	  1.0187	  0.0000
  4.6830	  0.9946	 -0.3431	  0.2893	  0.0000
  4.9316	  0.9946	 -1.6646	  1.8269	  0.0000
  5.1803	  0.9946	  2.0089	  1.4333	  0.0000
  5.4289	  0.9946	  0.1607	 -2.0496	  0.0000
  5.6776	  0.9946	 -1.8288	 -1.9494	  0.0000
  5.9262	  0.9946	  0.0765	  1.8962	  0.0000
  6.1749	  0.9946	 -0.0058	  0.6335	  0.0000
  6.4235	  0.9946	  1.9016	  6.4603	  0.0000
  0.2072	  0.7460	  0.6536	  2.0188	  0.0000
  0.4559	  0.7460	 -1.0757	  1.7627	  0.0000
  0.7045	  0.7460	  3.9471	 -6.7224	  0.0000
  0.9532	  0.7460	 -0.5454	 -3.8240	  0.0000
  1.2018	  0.7460	 -0.0118	 -0.0578	  0.0000
  1.4505	  0.7460	  8.6218	 -1.8472	  0.0000
  1.6991	  0.7460	 -3.9038	 -5.2257	  0.0000
  1.9478	  0.7460	 -2.0167	 -0.7165	  0.0000
  2.1964	  0.7460	 -2.4740	 -0.3870	  0.0000
  2.4451	  0.7460	 -0.6397	  0.0519	  0.0000
  2.6937	  0.7460	 -0.9372	 -0.5946	  0.0000
  2.9424	  0.7460	  3.6502	  1.9245	  0.0000
  3.1910	  0.7460	 -0.6254	  1.9695	  0.0000
  3.4397	  0.7460	 -4.5133	  2.9835	  0.0000
  3.6884	  0.7460	 -0.0241	 -1.0772	  0.0000
  3.9370	  0.7460	 -0.8429	 -0.2975	  1.0000
  4.1857	  0.7460	 -1.1900	 -0.7864	  0.0000
  4.4343	  0.7460	 -6.4861	  3.0849	  0.0000
  4.6830	  0.7460	 -0.5407	  1.8817	  0.0000
  4.9316	  0.7460	 -1.9243	  1.9720	  0.0000
  5.1803	  0.7460	  2.0141	  6.1245	  0.0000
  5.4289	  0.7460	  0.0231	 -0.2721	  0.0000
  5.6776	  0.7460	 -1.8331	  3.5853	  0.0000
  5.9262	  0.7460	 -3.1854	 -5.8542	  0.0000
  6.1749	  0.7460	  3.0869	 -1.1509	  0.0000
  6.4235	  0.7460	  1.8526	  1.2581	  0.0000
  0.2072	  0.4973	  0.3680	  1.1009	  0.0000
  0.4559	  0.4973	 -1.8641	  1.3909	  0.0000
  0.7045	  0.4973	 -1.9762	 -0.4639	  0.0000
  0.9532	  0.4973	  1.9974	  0.0010	  0.0000
  1.2018	  0.4973	 -8.6634	 -2.2555	  0.0000
  1.4505	  0.4973	  8.6270	  1.9942	  0.0000
  1.6991	  0.4973	 -5.4350	 -7.6271	  0.0000
  1.9478	  0.4973	  0.0006	 -0.0144	  0.0000
  2.1964	  0.4973	  2.1803	  3.6617	  0.0000
  2.4451	  0.4973	  4.0722	  6.9436	  0.0000
  2.6937	  0.4973	 -7.9763	 -2.0289	  0.0000
  2.9424	  0.4973	 -3.1222	 -0.0359	  0.0000
  3.1910	  0.4973	  1.2121	  9.3993	  0.0000
  3.4397	  0.4973	 -0.6198	  1.1382	  1.0000
  3.6884	  0.4973	  0.0136	  0.1801	  0.0000
  3.9370	  0.4973	 -7.0678	  0.7441	  0.0000
  4.1857	  0.4973	 -1.0062	  0.4005	  1.0000
  4.4343	  0.4973	 -1.0677	  0.6612	  1.0000
  4.6830	  0.4973	 -5.8041	  6.1841	  0.0000
  4.9316	  0.4973	  0.4235	 -0.1601	  0.0000
  5.1803	  0.4973	  1.9419	  1.5706	  0.0000
  5.4289	  0.4973	  0.0388	  0.2172	  0.0000
  5.6776	  0.4973	 -1.1094	 -4.2566	  0.0000
  5.9262	  0.4973	 -5.1942	  0.4325	  0.0000
  6.1749	  0.4973	 -9.9937	 -3.4930	  0.0000
  6.4235	  0.4973	  1.8350	 -7.5040	  0.0000
  0.2072	  0.2487	  0.9998	  1.9955	  0.0000
  0.4559	  0.2487	 -0.9734	  1.8704	  0.0000
  0.7045	  0.2487	 -0.0689	 -0.1061	  0.0000
  0.9532	  0.2487	 -0.6629	 -0.4629	  1.0000
  1.2018	  0.2487	 -8.9543	  0.0880	  0.0000
  1.4505	  0.2487	 -8.3403	  1.6886	  0.0000
  1.6991	  0.2487	  0.0077	  0.0349	  0.0000
  1.9478	  0.2487	 -3.0709	  0.7465	  0.0000
  2.1964	  0.2487	  0.7868	 -1.0835	  0.0000
  2.4451	  0.2487	  0.0185	 -0.0505	  0.0000
  2.6937	  0.2487	 -0.2180	 -0.5021	  0.0000
  2.9424	  0.2487	  0.0129	 -4.4925	  0.0000
  3.1910	  0.2487	  0.0386	 -0.5737	  0.0000
  3.4397	  0.2487	  9.3929	 -0.8730	  0.0000
  3.6884	  0.2487	 -0.0361	 -1.4295	  0.0000
  3.9370	  0.2487	  0.6293	  0.0512	  0.0000
  4.1857	  0.2487	 -0.6819	 -5.3924	  0.0000
  4.4343	  0.2487	  0.8233	 -1.8346	  0.0000
  4.6830	  0.2487	  0.0621	 -0.0209	  0.0000
  4.9316	  0.2487	  1.9178	 -0.0823	  0.0000
  5.1803	  0.2487	 -0.3324	 -0.0349	  0.0000
  5.4289	  0.2487	  0.0026	  0.1555	  0.0000
  5.6776	  0.2487	 -1.5615	  1.5578	  0.0000
  5.9262	  0.2487	 -1.5932	  0.5853	  0.0000
  6.1749	  0.2487	 -0.9754	 -3.5635	  0.0000
  6.4235	  0.2487	  0.8205	 -2.0815	  0.0000
