# x	y	u	v	mask
  0.1658	  4.8073	 -0.0902	 -0.0000	  0.0000
  0.3315	  4.8073	  0.1139	 -0.0918	  0.0000
  0.4973	  4.8073	  0.0014	 -0.0132	  0.0000
  0.6631	  4.8073	 -0.0102	  0.0077	  0.0000
  0.8288	  4.8073	 -0.0025	 -0.0018	  0.0000
  0.9946	  4.8073	  0.0078	 -0.0054	  0.0000
  1.1604	  4.8073	  0.0071	  0.0067	  0.0000
  1.3262	  4.8073	  0.0288	  0.0076	  0.0000
  1.4919	  4.8073	  0.0141	  0.0085	  0.0000
  1.6577	  4.8073	 -0.0188	 -0.0076	  0.0000
  1.8235	  4.8073	 -0.0072	 -0.0038	  0.0000
  1.9892	  4.8073	 -0.0037	  0.0115	  0.0000
  2.1550	  4.8073	 -0.0001	  0.0097	  0.0000
  2.3208	  4.8073	 -0.0010	  0.0097	  0.0000
  2.4865	  4.8073	 -0.0015	 -0.0003	  0.0000
  2.6523	  4.8073	  0.0032	 -0.0008	  0.0000
  2.8181	  4.8073	 -0.0000	 -0.0009	  0.0000
  2.9838	  4.8073	  0.0084	 -0.0006	  0.0000
  3.1496	  4.8073	  0.0066	  0.0057	  0.0000
  3.3154	  4.8073	  0.0055	  0.0079	  0.0000
  3.4811	  4.8073	  0.0014	  0.0015	  1.0000
  3.6469	  4.8073	  0.0004	  0.0024	  1.0000
  3.8127	  4.8073	  0.0020	  0.0070	  0.0000
  3.9785	  4.8073	  0.0021	  0.0017	  0.0000
  4.1442	  4.8073	 -0.0067	  0.0006	  0.0000
  4.3100	  4.8073	 -0.0040	  0.0047	  0.0000
  4.4758	  4.8073	  0.0148	  0.0015	  0.0000
  4.6415	  4.8073	  0.0105	 -0.0087	  0.0000
  4.8073	  4.8073	  0.0116	 -0.0027	  0.0000
  4.9731	  4.8073	  0.0107	 -0.0027	  0.0000
  5.1388	  4.8073	  0.0134	 -0.0027	  0.0000
  5.3046	  4.8073	  0.0029	  0.0019	  0.0000
  5.4704	  4.8073	 -0.0023	  0.0076	  0.0000
  5.6361	  4.8073	  0.0004	 -0.0036	  0.0000
  5.8019	  4.8073	  0.0005	  0.0025	  0.0000
  5.9677	  4.8073	 -0.0242	  0.0091	  0.0000
  6.1334	  4.8073	 -0.0918	 -0.0091	  0.0000
  6.2992	  4.8073	  4.1743	  0.2219	  0.0000
  6.4650	  4.8073	 -0.0977	 -0.3708	  0.0000
  0.1658	  4.6415	  0.0332	 -0.0081	  0.0000
  0.3315	  4.6415	  0.0153	 -0.0148	  0.0000
  0.4973	  4.6415	  0.0192	 -0.0155	  0.0000
  0.6631	  4.6415	  0.0037	 -0.0073	  0.0000
  0.8288	  4.6415	 -0.0071	  0.0042	  0.0000
  0.9946	  4.6415	 -0.0022	  0.0047	  0.0000
  1.1604	  4.6415	  0.0282	 -0.0124	  0.0000
  1.3262	  4.6415	  0.0101	 -0.0101	  0.0000
  1.4919	  4.6415	 -0.0089	  0.0070	  0.0000
  1.6577	  4.6415	 -0.0143	  0.0095	  0.0000
  1.8235	  4.6415	 -0.0078	 -0.0014	  0.0000
  1.9892	  4.6415	  0.0036	  0.0002	  0.0000
  2.1550	  4.6415	  0.0087	  0.0065	  0.0000
  2.3208	  4.6415	 -0.0036	  0.0038	  1.0000
  2.4865	  4.6415	 -0.0066	  0.0040	  0.0000
  2.6523	  4.6415	  0.0061	  0.0028	  0.0000
  2.8181	  4.6415	  0.0096	 -0.0019	  0.0000
  2.9838	  4.6415	  0.0073	 -0.0012	  0.0000
  3.1496	  4.6415	  0.0006	 -0.0093	  0.0000
  3.3154	  4.6415	  0.0054	 -0.0031	  0.0000
  3.4811	  4.6415	  0.0073	  0.0022	  0.0000
  3.6469	  4.6415	 -0.0014	  0.0021	  0.0000
  3.8127	  4.6415	 -0.0031	  0.0024	  0.0000
  3.9785	  4.6415	 -0.0025	  0.0012	  0.0000
  4.1442	  4.6415	  0.0034	 -0.0064	  0.0000
  4.3100	  4.6415	 -0.0026	 -0.0031	  0.0000
  4.4758	  4.6415	 -0.0037	 -0.0020	  0.0000
  4.6415	  4.6415	 -0.0090	 -0.0081	  0.0000
  4.8073	  4.6415	 -0.0025	 -0.0062	  0.0000
  4.9731	  4.6415	  0.0111	 -0.0016	  0.0000
  5.1388	  4.6415	 -0.0028	  0.0051	  0.0000
  5.3046	  4.6415	 -0.0094	 -0.0018	  0.0000
  5.4704	  4.6415	 -0.0247	 -0.0085	  0.0000
  5.6361	  4.6415	  0.0074	 -0.0003	  0.0000
  5.8019	  4.6415	  0.0029	  0.0036	  0.0000
  5.9677	  4.6415	  0.0044	  0.0066	  0.0000
  6.1334	  4.6415	  0.0170	  0.0052	  0.0000
  6.2992	  4.6415	 -0.0045	 -0.0265	  0.0000
  6.4650	  4.6415	 -0.0645	 -0.0064	  0.0000
  0.1658	  4.4758	 -0.0148	  0.0020	  0.0000
  0.3315	  4.4758	  0.0430	 -0.0196	  0.0000
  0.4973	  4.4758	  0.0160	 -0.0243	  0.0000
  0.6631	  4.4758	 -0.0172	 -0.0100	  0.0000
  0.8288	  4.4758	 -0.0132	  0.0303	  0.0000
  0.9946	  4.4758	 -0.0034	 -0.0065	  0.0000
  1.1604	  4.4758	  0.0230	 -0.0054	  0.0000
  1.3262	  4.4758	  0.0099	  0.0047	  0.0000
  1.4919	  4.4758	  0.0030	 -0.0059	  0.0000
  1.6577	  4.4758	  0.0003	  0.0111	  0.0000
  1.8235	  4.4758	 -0.0113	 -0.0063	  0.0000
  1.9892	  4.4758	 -0.0248	  0.0002	  0.0000
  2.1550	  4.4758	 -0.0078	  0.0048	  0.0000
  2.3208	  4.4758	 -0.0019	  0.0048	  0.0000
  2.4865	  4.4758	 -0.0182	  0.0039	  0.0000
  2.6523	  4.4758	 -0.0010	  0.0023	  0.0000
  2.8181	  4.4758	  0.0029	  0.0025	  0.0000
  2.9838	  4.4758	  0.0017	 -0.0018	  0.0000
  3.1496	  4.4758	  0.0029	 -0.0051	  0.0000
  3.3154	  4.4758	  0.0043	  0.0006	  0.0000
  3.4811	  4.4758	 -0.0031	 -0.0006	  0.0000
  3.6469	  4.4758	 -0.0025	  0.0034	  0.0000
  3.8127	  4.4758	 -0.0059	  0.0057	  0.0000
  3.9785	  4.4758	 -0.0038	  0.0013	  0.0000
  4.1442	  4.4758	 -0.0031	 -0.0010	  0.0000
  4.3100	  4.4758	 -0.0004	  0.0006	  0.0000
  4.4758	  4.4758	 -0.0057	  0.0033	  0.0000
  4.6415	  4.4758	 -0.0125	 -0.0054	  0.0000
  4.8073	  4.4758	 -0.0075	  0.0061	  0.0000
  4.9731	  4.4758	  0.0022	  0.0160	  0.0000
  5.1388	  4.4758	  0.0004	  0.0143	  0.0000
  5.3046	  4.4758	 -0.0010	  0.0046	  0.0000
  5.4704	  4.4758	  0.0026	  0.0098	  0.0000
  5.6361	  4.4758	  0.0052	  0.0062	  0.0000
  5.8019	  4.4758	 -0.0043	 -0.0017	  0.0000
  5.9677	  4.4758	  0.0013	 -0.0047	  0.0000
  6.1334	  4.4758	  0.0020	  0.0083	  0.0000
  6.2992	  4.4758	 -0.0158	 -0.0022	  0.0000
  6.4650	  4.4758	  0.0172	 -0.0143	  0.0000
  0.1658	  4.3100	 -0.0137	 -0.0006	  0.0000
  0.3315	  4.3100	  0.0172	 -0.0031	  0.0000
  0.4973	  4.3100	  0.0308	  0.0173	  0.0000
  0.6631	  4.3100	 -0.0198	 -0.0134	  0.0000
  0.8288	  4.3100	 -0.0140	  0.0179	  0.0000
  0.9946	  4.3100	 -0.0033	 -0.0017	  0.0000
  1.1604	  4.3100	  0.0051	 -0.0053	  0.0000
  1.3262	  4.3100	 -0.0010	 -0.0000	  0.0000
  1.4919	  4.3100	  0.0081	 -0.0036	  0.0000
  1.6577	  4.3100	 -0.0017	 -0.0020	  0.0000
  1.8235	  4.3100	 -0.0047	  0.0011	  0.0000
  1.9892	  4.3100	 -0.0085	  0.0049	  0.0000
  2.1550	  4.3100	 -0.0033	  0.0051	  0.0000
  2.3208	  4.3100	 -0.0022	  0.0013	  0.0000
  2.4865	  4.3100	 -0.0072	 -0.0008	  0.0000
  2.6523	  4.3100	 -0.0030	  0.0024	  0.0000
  2.8181	  4.3100	  0.0005	  0.0021	  0.0000
  2.9838	  4.3100	  0.0038	 -0.0019	  0.0000
  3.1496	  4.3100	 -0.0027	 -0.0011	  1.0000
  3.3154	  4.3100	 -0.0056	  0.0011	  0.0000
  3.4811	  4.3100	 -0.0089	  0.0027	  0.0000
  3.6469	  4.3100	 -0.0010	  0.0079	  0.0000
  3.8127	  4.3100	 -0.0052	  0.0063	  0.0000
  3.9785	  4.3100	 -0.0045	 -0.0032	  0.0000
  4.1442	  4.3100	  0.0042	 -0.0066	  0.0000
  4.3100	  4.3100	  0.0046	 -0.0103	  0.0000
  4.4758	  4.3100	 -0.0028	 -0.0067	  0.0000
  4.6415	  4.3100	 -0.0090	 -0.0034	  0.0000
  4.8073	  4.3100	 -0.0011	  0.0005	  0.0000
  4.9731	  4.3100	  0.0040	  0.0077	  0.0000
  5.1388	  4.3100	 -0.0031	  0.0084	  0.0000
  5.3046	  4.3100	  0.0013	  0.0032	  0.0000
  5.4704	  4.3100	  0.0011	  0.0091	  0.0000
  5.6361	  4.3100	  0.0089	 -0.0105	  0.0000
  5.8019	  4.3100	 -0.0102	  0.0028	  0.0000
  5.9677	  4.3100	  0.0029	  0.0178	  0.0000
  6.1334	  4.3100	  0.0119	  0.0081	  0.0000
  6.2992	  4.3100	  0.0162	  0.0089	  0.0000
  6.4650	  4.3100	 -0.0015	 -0.0027	  0.0000
  0.1658	  4.1442	 -0.0119	 -0.0180	  0.0000
  0.3315	  4.1442	  0.0400	 -0.0451	  0.0000
  0.4973	  4.1442	  0.0572	 -0.0353	  0.0000
  0.6631	  4.1442	 -0.0308	 -0.0198	  0.0000
  0.8288	  4.1442	 -0.0230	 -0.0742	  0.0000
  0.9946	  4.1442	 -0.6616	  0.0060	  0.0000
  1.1604	  4.1442	 -0.0606	 -0.0134	  0.0000
  1.3262	  4.1442	 -0.0553	 -0.0259	  0.0000
  1.4919	  4.1442	 -0.0476	 -0.0037	  0.0000
  1.6577	  4.1442	 -0.0197	  0.0019	  0.0000
  1.8235	  4.1442	  0.0098	 -0.0011	  0.0000
  1.9892	  4.1442	  0.0090	  0.0016	  0.0000
  2.1550	  4.1442	  0.0062	  0.0015	  0.0000
  2.3208	  4.1442	  0.0004	 -0.0003	  0.0000
  2.4865	  4.1442	 -0.0004	 -0.0010	  0.0000
  2.6523	  4.1442	  0.0054	 -0.0013	  0.0000
  2.8181	  4.1442	  0.0044	 -0.0010	  0.0000
  2.9838	  4.1442	  0.0002	 -0.0019	  0.0000
  3.1496	  4.1442	 -0.0076	 -0.0029	  0.0000
  3.3154	  4.1442	 -0.0110	 -0.0031	  0.0000
  3.4811	  4.1442	 -0.0050	 -0.0044	  0.0000
  3.6469	  4.1442	  0.0021	 -0.0001	  0.0000
  3.8127	  4.1442	  0.0004	  0.0019	  0.0000
  3.9785	  4.1442	 -0.0022	  0.0011	  0.0000
  4.1442	  4.1442	 -0.0055	  0.0009	  0.0000
  4.3100	  4.1442	 -0.0009	 -0.0006	  0.0000
  4.4758	  4.1442	  0.0038	  0.0019	  0.0000
  4.6415	  4.1442	 -0.0015	 -0.0004	  0.0000
  4.8073	  4.1442	  0.0026	 -0.0003	  1.0000
  4.9731	  4.1442	  0.0109	 -0.0006	  0.0000
  5.1388	  4.1442	  0.0156	 -0.0018	  0.0000
  5.3046	  4.1442	  0.0042	  0.0010	  0.0000
  5.4704	  4.1442	 -0.0020	 -0.0061	  0.0000
  5.6361	  4.1442	  0.0023	 -0.0037	  0.0000
  5.8019	  4.1442	 -0.0167	  0.0055	  0.0000
  5.9677	  4.1442	 -0.0094	  0.0069	  0.0000
  6.1334	  4.1442	  0.0086	  0.0051	  0.0000
  6.2992	  4.1442	  0.0161	 -0.0052	  0.0000
  6.4650	  4.1442	  0.0071	  0.0176	  0.0000
  0.1658	  3.9785	 -0.0601	  0.0106	  0.0000
  0.3315	  3.9785	  0.0909	 -0.0204	  0.0000
  0.4973	  3.9785	  0.1596	 -0.0375	  0.0000
  0.6631	  3.9785	 -0.0209	  0.0765	  0.0000
  0.8288	  3.9785	 -1.8182	  0.1074	  0.0000
  0.9946	  3.9785	 -1.0016	  0.1391	  0.0000
  1.1604	  3.9785	  0.0258	 -0.0259	  0.0000
  1.3262	  3.9785	  0.0318	  0.0370	  0.0000
  1.4919	  3.9785	 -0.0465	  0.0207	  0.0000
  1.6577	  3.9785	 -0.0560	 -0.0190	  0.0000
  1.8235	  3.9785	 -0.0448	  0.0864	  0.0000
  1.9892	  3.9785	 -0.1914	  0.1470	  0.0000
  2.1550	  3.9785	 -0.1792	 -0.1507	  0.0000
  2.3208	  3.9785	 -0.1558	 -0.1220	  0.0000
  2.4865	  3.9785	 -0.0806	 -0.0994	  0.0000
  2.6523	  3.9785	  0.0078	 -0.0057	  0.0000
  2.8181	  3.9785	 -0.0018	  0.0076	  0.0000
  2.9838	  3.9785	 -0.0098	  0.0131	  0.0000
  3.1496	  3.9785	 -0.0142	 -0.0055	  0.0000
  3.3154	  3.9785	 -0.0271	 -0.0153	  0.0000
  3.4811	  3.9785	 -0.0218	  0.0014	  0.0000
  3.6469	  3.9785	  0.0009	 -0.0049	  0.0000
  3.8127	  3.9785	  0.0040	 -0.0111	  0.0000
  3.9785	  3.9785	 -0.0013	 -0.0144	  0.0000
  4.1442	  3.9785	  0.0233	 -0.0079	  0.0000
  4.3100	  3.9785	  0.0193	 -0.0023	  0.0000
  4.4758	  3.9785	  0.0053	 -0.0020	  0.0000
  4.6415	  3.9785	 -0.0004	 -0.0070	  0.0000
  4.8073	  3.9785	  0.0035	 -0.0011	  0.0000
  4.9731	  3.9785	  0.0127	  0.0028	  0.0000
  5.1388	  3.9785	  0.0124	 -0.0010	  0.0000
  5.3046	  3.9785	  0.0115	 -0.0014	  0.0000
  5.4704	  3.9785	  0.0055	 -0.0002	  0.0000
  5.6361	  3.9785	  0.0082	 -0.0033	  0.0000
  5.8019	  3.9785	 -0.0288	 -0.0045	  0.0000
  5.9677	  3.9785	 -0.0298	 -0.0022	  0.0000
  6.1334	  3.9785	 -0.0321	  0.0030	  0.0000
  6.2992	  3.9785	 -0.0030	  0.0006	  0.0000
  6.4650	  3.9785	  0.0255	 -0.0014	  0.0000
  0.1658	  3.8127	  0.0695	 -0.0493	  0.0000
  0.3315	  3.8127	 -0.0278	  0.0077	  0.0000
  0.4973	  3.8127	 -0.0288	 -0.0038	  0.0000
  0.6631	  3.8127	  0.0669	 -0.0114	  0.0000
  0.8288	  3.8127	  0.0546	 -0.0295	  0.0000
  0.9946	  3.8127	 -0.3293	  0.0211	  0.0000
  1.1604	  3.8127	  0.1231	  0.0445	  0.0000
  1.3262	  3.8127	  0.2215	  0.1113	  0.0000
  1.4919	  3.8127	 -0.0140	 -0.0008	  0.0000
  1.6577	  3.8127	  0.0315	 -0.0259	  0.0000
  1.8235	  3.8127	  0.1894	  0.0105	  0.0000
  1.9892	  3.8127	 -0.2071	  0.1543	  0.0000
  2.1550	  3.8127	 -0.1598	 -0.0278	  0.0000
  2.3208	  3.8127	 -0.1725	 -0.0382	  0.0000
  2.4865	  3.8127	 -0.0118	 -1.4040	  0.0000
  2.6523	  3.8127	  2.9877	 -2.1497	  0.0000
  2.8181	  3.8127	  0.0007	 -0.0788	  0.0000
  2.9838	  3.8127	 -0.0168	 -0.0385	  0.0000
  3.1496	  3.8127	 -0.0303	  0.0039	  0.0000
  3.3154	  3.8127	 -0.0221	 -0.0055	  0.0000
  3.4811	  3.8127	 -0.0006	  0.0003	  0.0000
  3.6469	  3.8127	 -0.0034	  0.0061	  0.0000
  3.8127	  3.8127	  0.0016	  0.0024	  0.0000
  3.9785	  3.8127	  0.0072	 -0.0449	  0.0000
  4.1442	  3.8127	  0.0546	 -0.0692	  0.0000
  4.3100	  3.8127	  0.0021	 -0.0202	  0.0000
  4.4758	  3.8127	 -0.0176	 -0.0012	  0.0000
  4.6415	  3.8127	 -0.0044	  0.0001	  0.0000
  4.8073	  3.8127	  0.0226	  0.0009	  0.0000
  4.9731	  3.8127	  0.0147	 -0.0056	  0.0000
  5.1388	  3.8127	  0.0190	 -0.0339	  0.0000
  5.3046	  3.8127	  0.6578	 -0.5950	  0.0000
  5.4704	  3.8127	  0.1137	 -0.0376	  0.0000
  5.6361	  3.8127	  0.1071	 -0.0391	  0.0000
  5.8019	  3.8127	 -0.0004	 -0.1115	  0.0000
  5.9677	  3.8127	  0.0047	  0.0226	  0.0000
  6.1334	  3.8127	  0.0056	  0.0112	  0.0000
  6.2992	  3.8127	  0.0017	 -0.0115	  0.0000
  6.4650	  3.8127	 -0.0184	 -0.0011	  0.0000
  0.1658	  3.6469	 -0.0796	  0.0654	  0.0000
  0.3315	  3.6469	 -0.0059	 -0.0167	  0.0000
  0.4973	  3.6469	 -0.0049	 -0.0130	  0.0000
  0.6631	  3.6469	  0.0103	 -0.0095	  0.0000
  0.8288	  3.6469	  0.1730	  0.0312	  0.0000
  0.9946	  3.6469	  0.1325	  0.1016	  0.0000
  1.1604	  3.6469	  0.0731	  0.0859	  0.0000
  1.3262	  3.6469	  1.1019	  0.0402	  0.0000
  1.4919	  3.6469	  1.1274	  0.1068	  0.0000
  1.6577	  3.6469	  0.4451	  0.1458	  0.0000
  1.8235	  3.6469	  0.1335	  0.0911	  0.0000
  1.9892	  3.6469	  0.2450	 -0.0278	  0.0000
  2.1550	  3.6469	 -0.1291	 -0.0660	  0.0000
  2.3208	  3.6469	 -0.1331	 -0.0199	  0.0000
  2.4865	  3.6469	  0.0292	 -0.0477	  0.0000
  2.6523	  3.6469	  0.4447	 -0.4053	  0.0000
  2.8181	  3.6469	  0.3091	 -0.1228	  0.0000
  2.9838	  3.6469	  0.0678	 -0.0255	  0.0000
  3.1496	  3.6469	 -0.0110	 -0.0045	  0.0000
  3.3154	  3.6469	  0.0046	  0.0136	  0.0000
  3.4811	  3.6469	  0.0010	  0.0112	  0.0000
  3.6469	  3.6469	  0.0027	  0.0037	  0.0000
  3.8127	  3.6469	  0.0034	 -0.0010	  0.0000
  3.9785	  3.6469	 -0.0347	 -0.1101	  0.0000
  4.1442	  3.6469	 -0.2615	 -0.0439	  0.0000
  4.3100	  3.6469	 -0.0954	  0.0110	  0.0000
  4.4758	  3.6469	 -0.0384	 -0.0224	  0.0000
  4.6415	  3.6469	 -0.0014	 -0.0039	  0.0000
  4.8073	  3.6469	  0.0147	  0.0039	  0.0000
  4.9731	  3.6469	  0.0042	 -0.0097	  0.0000
  5.1388	  3.6469	  0.0252	 -0.0207	  0.0000
  5.3046	  3.6469	  0.0630	 -0.1643	  0.0000
  5.4704	  3.6469	  0.0251	 -0.8558	  0.0000
  5.6361	  3.6469	 -0.3157	 -0.8941	  0.0000
  5.8019	  3.6469	 -0.0729	 -0.1205	  0.0000
  5.9677	  3.6469	  0.0050	  0.0063	  0.0000
  6.1334	  3.6469	  0.0067	  0.0031	  0.0000
  6.2992	  3.6469	 -0.0007	 -0.0152	  0.0000
  6.4650	  3.6469	 -0.0064	  0.0055	  0.0000
  0.1658	  3.4811	 -0.1860	  0.0354	  0.0000
  0.3315	  3.4811	 -0.0048	 -0.0500	  0.0000
  0.4973	  3.4811	 -0.0791	 -0.0352	  0.0000
  0.6631	  3.4811	 -0.0179	  0.0509	  0.0000
  0.8288	  3.4811	  0.2950	  0.2032	  0.0000
  0.9946	  3.4811	 -0.0101	  0.6437	  0.0000
  1.1604	  3.4811	  0.1022	  0.5303	  0.0000
  1.3262	  3.4811	  0.4370	  0.0614	  0.0000
  1.4919	  3.4811	  0.0334	  0.0644	  0.0000
  1.6577	  3.4811	 -0.0128	  0.2246	  0.0000
  1.8235	  3.4811	  0.0028	  0.3633	  0.0000
  1.9892	  3.4811	  0.2006	 -0.2532	  0.0000
  2.1550	  3.4811	  0.0022	 -0.2093	  0.0000
  2.3208	  3.4811	 -0.0879	 -0.0755	  0.0000
  2.4865	  3.4811	  0.0174	  0.0016	  0.0000
  2.6523	  3.4811	  0.2309	 -0.1137	  0.0000
  2.8181	  3.4811	  0.1872	 -0.2268	  0.0000
  2.9838	  3.4811	 -0.0957	 -0.1208	  0.0000
  3.1496	  3.4811	 -0.0125	 -0.0211	  0.0000
  3.3154	  3.4811	 -0.0133	  0.0097	  0.0000
  3.4811	  3.4811	 -0.0097	  0.0163	  0.0000
  3.6469	  3.4811	  0.0024	 -0.0124	  0.0000
  3.8127	  3.4811	  0.0034	 -0.0125	  0.0000
  3.9785	  3.4811	  0.0224	 -0.0500	  0.0000
  4.1442	  3.4811	 -0.0763	 -0.2032	  0.0000
  4.3100	  3.4811	 -0.1111	 -0.0583	  0.0000
  4.4758	  3.4811	 -0.0225	  0.0042	  0.0000
  4.6415	  3.4811	 -0.0053	  0.0067	  0.0000
  4.8073	  3.4811	 -0.0014	  0.0033	  0.0000
  4.9731	  3.4811	 -0.0090	 -0.0023	  0.0000
  5.1388	  3.4811	  0.0383	 -0.0374	  0.0000
  5.3046	  3.4811	  0.0785	 -0.0027	  0.0000
  5.4704	  3.4811	 -0.0376	  0.0087	  0.0000
  5.6361	  3.4811	 -0.0701	  0.0112	  0.0000
  5.8019	  3.4811	  0.0265	  0.0655	  0.0000
  5.9677	  3.4811	  0.0137	  0.0037	  0.0000
  6.1334	  3.4811	 -0.0257	 -0.0139	  0.0000
  6.2992	  3.4811	  0.0093	  0.0024	  0.0000
  6.4650	  3.4811	  0.0042	  0.0036	  0.0000
  0.1658	  3.3154	 -0.8988	 -0.1714	  0.0000
  0.3315	  3.3154	 -0.0038	  0.0058	  0.0000
  0.4973	  3.3154	 -0.0489	  0.0180	  0.0000
  0.6631	  3.3154	  0.0011	  0.2958	  0.0000
  0.8288	  3.3154	  0.2456	  0.5972	  0.0000
  0.9946	  3.3154	 -4.0370	  5.7163	  0.0000
  1.1604	  3.3154	  0.0493	  0.4055	  0.0000
  1.3262	  3.3154	  0.1733	  0.1862	  0.0000
  1.4919	  3.3154	 -0.0006	 -0.0860	  0.0000
  1.6577	  3.3154	  0.0326	 -0.0069	  0.0000
  1.8235	  3.3154	 -0.0881	  0.1070	  0.0000
  1.9892	  3.3154	 -0.0156	 -0.4439	  0.0000
  2.1550	  3.3154	 -0.0064	 -0.4145	  0.0000
  2.3208	  3.3154	 -0.0421	 -0.1004	  0.0000
  2.4865	  3.3154	  0.0225	  0.0059	  0.0000
  2.6523	  3.3154	  0.0834	 -0.0163	  0.0000
  2.8181	  3.3154	  0.0062	 -0.0937	  0.0000
  2.9838	  3.3154	 -0.0895	 -0.0516	  0.0000
  3.1496	  3.3154	 -0.0232	 -0.0125	  0.0000
  3.3154	  3.3154	 -0.0624	 -0.0119	  0.0000
  3.4811	  3.3154	 -0.0833	 -0.0189	  0.0000
  3.6469	  3.3154	 -0.0019	 -0.0240	  0.0000
  3.8127	  3.3154	 -0.0000	 -0.0190	  0.0000
  3.9785	  3.3154	  0.1355	  0.0705	  0.0000
  4.1442	  3.3154	  0.0624	 -0.2348	  0.0000
  4.3100	  3.3154	 -0.0421	 -0.0334	  0.0000
  4.4758	  3.3154	 -0.0057	  0.0153	  0.0000
  4.6415	  3.3154	 -0.0037	  0.0038	  0.0000
  4.8073	  3.3154	  0.0016	  0.0037	  0.0000
  4.9731	  3.3154	 -0.0224	 -0.0188	  0.0000
  5.1388	  3.3154	 -0.2232	 -0.1174	  0.0000
  5.3046	  3.3154	 -0.0142	 -0.0268	  0.0000
  5.4704	  3.3154	 -0.0198	  0.0048	  0.0000
  5.6361	  3.3154	 -0.0269	  0.0135	  0.0000
  5.8019	  3.3154	  0.0503	  0.3085	  0.0000
  5.9677	  3.3154	 -0.1980	  0.1802	  0.0000
  6.1334	  3.3154	  0.0212	  0.0504	  0.0000
  6.2992	  3.3154	  0.0151	  0.0382	  0.0000
  6.4650	  3.3154	 -0.0049	  0.0139	  0.0000
  0.1658	  3.1496	 -0.0447	  0.0572	  1.0000
  0.3315	  3.1496	  0.0015	  0.0028	  0.0000
  0.4973	  3.1496	  0.0738	  0.0166	  0.0000
  0.6631	  3.1496	  0.0263	  0.0719	  0.0000
  0.8288	  3.1496	 -0.0872	  0.1365	  0.0000
  0.9946	  3.1496	 -3.5405	  5.3560	  0.0000
  1.1604	  3.1496	 -2.8363	  6.1252	  0.0000
  1.3262	  3.1496	 -0.1981	 -0.0673	  0.0000
  1.4919	  3.1496	  0.1006	 -0.0565	  0.0000
  1.6577	  3.1496	  0.2711	 -0.0943	  0.0000
  1.8235	  3.1496	  0.2041	 -0.1898	  0.0000
  1.9892	  3.1496	 -0.0450	 -0.3713	  0.0000
  2.1550	  3.1496	 -0.1406	 -0.2778	  0.0000
  2.3208	  3.1496	 -0.0782	  0.0819	  0.0000
  2.4865	  3.1496	 -0.0179	  0.0153	  0.0000
  2.6523	  3.1496	 -0.0007	  0.0330	  0.0000
  2.8181	  3.1496	  0.0460	  0.0255	  0.0000
  2.9838	  3.1496	 -0.0750	 -0.0972	  0.0000
  3.1496	  3.1496	 -0.0250	 -0.0414	  0.0000
  3.3154	  3.1496	 -0.0807	 -0.0162	  0.0000
  3.4811	  3.1496	 -0.0050	 -0.0253	  0.0000
  3.6469	  3.1496	 -0.0053	 -0.0073	  0.0000
  3.8127	  3.1496	 -0.0030	  0.0181	  0.0000
  3.9785	  3.1496	  0.2804	  0.2197	  0.0000
  4.1442	  3.1496	  0.0371	  0.1122	  0.0000
  4.3100	  3.1496	 -0.0936	  0.0512	  0.0000
  4.4758	  3.1496	 -0.0203	  0.0114	  0.0000
  4.6415	  3.1496	 -0.0149	 -0.0058	  0.0000
  4.8073	  3.1496	 -0.0028	 -0.0071	  0.0000
  4.9731	  3.1496	 -0.0352	 -0.0424	  0.0000
  5.1388	  3.1496	 -0.4842	 -0.2150	  0.0000
  5.3046	  3.1496	  0.0323	 -0.8930	  0.0000
  5.4704	  3.1496	  0.1595	 -0.1008	  0.0000
  5.6361	  3.1496	  0.0150	  0.1260	  0.0000
  5.8019	  3.1496	 -0.0533	  0.2529	  0.0000
  5.9677	  3.1496	 -0.0131	  0.0206	  0.0000
  6.1334	  3.1496	 -0.0176	  0.0966	  1.0000
  6.2992	  3.1496	  0.0018	  0.0297	  0.0000
  6.4650	  3.1496	 -0.0023	  0.0349	  0.0000
  0.1658	  2.9838	  0.1621	  0.1621	  0.0000
  0.3315	  2.9838	 -0.0029	  0.0313	  0.0000
  0.4973	  2.9838	  0.1003	  0.0133	  0.0000
  0.6631	  2.9838	  0.0266	 -0.0301	  0.0000
  0.8288	  2.9838	 -0.0444	  0.0667	  0.0000
  0.9946	  2.9838	  6.1803	  2.6976	  0.0000
  1.1604	  2.9838	  3.0819	  1.8208	  0.0000
  1.3262	  2.9838	  0.6173	  0.1165	  0.0000
  1.4919	  2.9838	  0.1532	  0.0640	  0.0000
  1.6577	  2.9838	 -0.0165	 -0.0903	  0.0000
  1.8235	  2.9838	  0.0282	 -0.2717	  0.0000
  1.9892	  2.9838	 -0.1877	 -0.6176	  0.0000
  2.1550	  2.9838	 -0.9054	 -1.1379	  0.0000
  2.3208	  2.9838	 -0.0690	 -0.1055	  0.0000
  2.4865	  2.9838	 -0.1070	 -0.0015	  0.0000
  2.6523	  2.9838	 -0.0860	  0.0302	  0.0000
  2.8181	  2.9838	 -0.1358	  0.0209	  0.0000
  2.9838	  2.9838	  2.9984	 -2.0453	  0.0000
  3.1496	  2.9838	 -1.6795	 -0.8624	  0.0000
  3.3154	  2.9838	  0.4073	 -0.0891	  0.0000
  3.4811	  2.9838	  0.5309	 -0.0576	  0.0000
  3.6469	  2.9838	 -0.0023	 -0.0090	  0.0000
  3.8127	  2.9838	 -0.0001	  0.0286	  0.0000
  3.9785	  2.9838	  0.2812	  0.1807	  0.0000
  4.1442	  2.9838	  0.0301	  0.1132	  0.0000
  4.3100	  2.9838	 -0.1485	 -0.0193	  0.0000
  4.4758	  2.9838	 -0.2180	  0.0647	  0.0000
  4.6415	  2.9838	 -0.1872	  0.1071	  0.0000
  4.8073	  2.9838	 -0.1165	 -0.1567	  0.0000
  4.9731	  2.9838	 -0.1528	 -0.3088	  0.0000
  5.1388	  2.9838	 -0.3275	 -5.9788	  0.0000
  5.3046	  2.9838	  0.0341	 -0.3494	  0.0000
  5.4704	  2.9838	  0.0414	 -0.2442	  0.0000
  5.6361	  2.9838	 -0.0031	  0.0365	  1.0000
  5.8019	  2.9838	 -0.3398	  0.5804	  0.0000
  5.9677	  2.9838	 -0.0057	  0.6061	  0.0000
  6.1334	  2.9838	 -0.0218	  0.0145	  0.0000
  6.2992	  2.9838	 -0.0408	  0.0098	  0.0000
  6.4650	  2.9838	  0.0015	  0.0083	  0.0000
  0.1658	  2.8181	  0.1981	  0.6107	  0.0000
  0.3315	  2.8181	 -0.0070	  0.1119	  0.0000
  0.4973	  2.8181	  0.0694	  0.0497	  0.0000
  0.6631	  2.8181	  0.0221	 -0.0455	  0.0000
  0.8288	  2.8181	 -0.1260	  0.6227	  0.0000
  0.9946	  2.8181	  6.7717	  3.5127	  0.0000
  1.1604	  2.8181	  2.2554	  0.7384	  0.0000
  1.3262	  2.8181	  0.6282	 -0.1775	  0.0000
  1.4919	  2.8181	  0.1554	 -0.1328	  0.0000
  1.6577	  2.8181	 -0.0695	  0.0133	  0.0000
  1.8235	  2.8181	 -0.1485	 -0.1183	  0.0000
  1.9892	  2.8181	 -0.1210	 -0.1512	  0.0000
  2.1550	  2.8181	 -0.0796	 -0.1487	  0.0000
  2.3208	  2.8181	 -0.0622	 -0.0958	  0.0000
  2.4865	  2.8181	 -0.1187	 -0.0066	  0.0000
  2.6523	  2.8181	 -0.1039	  0.0224	  0.0000
  2.8181	  2.8181	 -0.5492	  0.8375	  0.0000
  2.9838	  2.8181	 -0.0488	  0.2300	  0.0000
  3.1496	  2.8181	 -2.0401	 -1.7880	  0.0000
  3.3154	  2.8181	  0.0880	 -0.1268	  0.0000
  3.4811	  2.8181	  0.2394	 -0.0899	  0.0000
  3.6469	  2.8181	  0.0040	 -0.0097	  0.0000
  3.8127	  2.8181	  0.0039	 -0.0063	  0.0000
  3.9785	  2.8181	  0.1338	  0.1134	  0.0000
  4.1442	  2.8181	  0.0113	  0.0667	  0.0000
  4.3100	  2.8181	 -0.2601	  0.0297	  0.0000
  4.4758	  2.8181	 -0.2377	  0.1224	  0.0000
  4.6415	  2.8181	 -0.1130	  0.2084	  0.0000
  4.8073	  2.8181	  0.1609	  0.0812	  0.0000
  4.9731	  2.8181	 -0.0923	  0.0066	  0.0000
  5.1388	  2.8181	  0.1803	 -0.2418	  0.0000
  5.3046	  2.8181	  0.0385	  0.0226	  0.0000
  5.4704	  2.8181	 -0.0318	  0.0526	  0.0000
  5.6361	  2.8181	 -0.0318	 -0.0188	  0.0000
  5.8019	  2.8181	 -0.0564	  0.1576	  0.0000
  5.9677	  2.8181	  0.1004	 -0.1545	  0.0000
  6.1334	  2.8181	  0.0935	  0.1359	  0.0000
  6.2992	  2.8181	  0.0010	 -0.0107	  0.0000
  6.4650	  2.8181	  0.0019	 -0.0202	  0.0000
  0.1658	  2.6523	 -0.0080	  2.1000	  0.0000
  0.3315	  2.6523	  0.0357	  0.1188	  1.0000
  0.4973	  2.6523	  0.1786	  0.2048	  1.0000
  0.6631	  2.6523	  0.0164	 -0.6455	  0.0000
  0.8288	  2.6523	  0.1750	 -0.3317	  0.0000
  0.9946	  2.6523	 -0.5838	 -0.0058	  0.0000
  1.1604	  2.6523	  0.4540	 -0.1523	  0.0000
  1.3262	  2.6523	 -0.9083	 -2.4888	  0.0000
  1.4919	  2.6523	  0.0762	 -0.2147	  0.0000
  1.6577	  2.6523	 -0.0327	  0.0770	  0.0000
  1.8235	  2.6523	 -0.1137	  0.0941	  0.0000
  1.9892	  2.6523	 -0.1180	  0.1892	  0.0000
  2.1550	  2.6523	 -0.1872	  0.1761	  0.0000
  2.3208	  2.6523	 -0.0799	  0.0583	  0.0000
  2.4865	  2.6523	 -0.0558	  0.0412	  0.0000
  2.6523	  2.6523	 -0.0381	  0.0590	  0.0000
  2.8181	  2.6523	 -0.8310	  0.2335	  0.0000
  2.9838	  2.6523	 -0.1330	 -0.0302	  0.0000
  3.1496	  2.6523	 -0.1354	 -0.8151	  0.0000
  3.3154	  2.6523	 -0.0280	 -0.1659	  0.0000
  3.4811	  2.6523	 -0.0096	 -0.1115	  0.0000
  3.6469	  2.6523	  0.0051	 -0.0168	  0.0000
  3.8127	  2.6523	  0.0055	 -0.0101	  0.0000
  3.9785	  2.6523	  0.4234	 -0.4112	  0.0000
  4.1442	  2.6523	  0.3970	 -0.3891	  0.0000
  4.3100	  2.6523	 -0.2491	  0.0574	  0.0000
  4.4758	  2.6523	 -0.2058	  0.1020	  0.0000
  4.6415	  2.6523	  0.0391	  0.0646	  0.0000
  4.8073	  2.6523	  0.0336	 -0.0338	  0.0000
  4.9731	  2.6523	 -0.0073	 -0.0938	  0.0000
  5.1388	  2.6523	  0.0567	 -0.1282	  0.0000
  5.3046	  2.6523	  0.0166	  0.1646	  0.0000
  5.4704	  2.6523	  0.0731	  0.2282	  0.0000
  5.6361	  2.6523	  0.0141	  0.0525	  0.0000
  5.8019	  2.6523	  0.0126	  0.0558	  1.0000
  5.9677	  2.6523	  0.1293	 -0.1631	  0.0000
  6.1334	  2.6523	  0.0445	 -0.0107	  0.0000
  6.2992	  2.6523	  0.0263	  0.0834	  0.0000
  6.4650	  2.6523	  0.0003	  0.0016	  0.0000
  0.1658	  2.4865	 -0.1360	 -0.0820	  0.0000
  0.3315	  2.4865	  0.0290	 -0.0210	  0.0000
  0.4973	  2.4865	 -0.0657	  0.0062	  0.0000
  0.6631	  2.4865	  0.0017	 -0.2126	  0.0000
  0.8288	  2.4865	  0.2359	 -0.6360	  0.0000
  0.9946	  2.4865	  0.2212	 -0.0917	  0.0000
  1.1604	  2.4865	  1.5575	  0.0147	  0.0000
  1.3262	  2.4865	  0.1640	 -0.0821	  0.0000
  1.4919	  2.4865	  0.0025	 -0.0188	  0.0000
  1.6577	  2.4865	 -0.0580	  0.0413	  0.0000
  1.8235	  2.4865	 -0.1879	  0.1014	  0.0000
  1.9892	  2.4865	 -0.1992	  0.1429	  0.0000
  2.1550	  2.4865	 -0.6717	  0.3394	  0.0000
  2.3208	  2.4865	 -0.0172	  0.0920	  1.0000
  2.4865	  2.4865	  0.2490	  0.2043	  0.0000
  2.6523	  2.4865	  0.0890	  0.1815	  0.0000
  2.8181	  2.4865	 -0.3430	  0.0424	  0.0000
  2.9838	  2.4865	 -0.2023	 -0.0212	  0.0000
  3.1496	  2.4865	 -0.1979	  0.0800	  0.0000
  3.3154	  2.4865	 -0.1551	  0.0963	  0.0000
  3.4811	  2.4865	 -0.0922	  0.1031	  0.0000
  3.6469	  2.4865	  0.0070	 -0.0035	  0.0000
  3.8127	  2.4865	  0.0081	 -0.0041	  0.0000
  3.9785	  2.4865	  0.3265	 -0.4041	  0.0000
  4.1442	  2.4865	  0.2955	 -0.3369	  0.0000
  4.3100	  2.4865	 -0.3092	  0.2300	  0.0000
  4.4758	  2.4865	 -0.0337	  0.0890	  0.0000
  4.6415	  2.4865	 -0.0215	  0.0784	  0.0000
  4.8073	  2.4865	 -0.0494	  0.0217	  0.0000
  4.9731	  2.4865	 -0.0003	 -0.0167	  0.0000
  5.1388	  2.4865	 -0.0203	 -0.0540	  0.0000
  5.3046	  2.4865	  0.0102	 -0.0264	  0.0000
  5.4704	  2.4865	 -0.0182	  0.1762	  0.0000
  5.6361	  2.4865	 -0.0237	  0.0676	  0.0000
  5.8019	  2.4865	  0.0615	  0.1184	  0.0000
  5.9677	  2.4865	  0.0653	 -0.0040	  0.0000
  6.1334	  2.4865	  0.0543	 -0.0664	  0.0000
  6.2992	  2.4865	  0.0349	 -0.1053	  0.0000
  6.4650	  2.4865	  0.0002	  0.0063	  0.0000
  0.1658	  2.3208	  0.1514	 -0.0633	  0.0000
  0.3315	  2.3208	 -0.0453	  0.0401	  0.0000
  0.4973	  2.3208	 -0.0749	  0.0494	  0.0000
  0.6631	  2.3208	  0.0632	 -0.0212	  0.0000
  0.8288	  2.3208	  3.5104	  3.0226	  0.0000
  0.9946	  2.3208	  0.6727	  0.1976	  0.0000
  1.1604	  2.3208	  1.4920	  0.1876	  0.0000
  1.3262	  2.3208	  0.1243	  0.3214	  0.0000
  1.4919	  2.3208	  0.0145	 -0.0595	  0.0000
  1.6577	  2.3208	 -0.0223	  0.0724	  0.0000
  1.8235	  2.3208	 -0.1262	  0.1712	  0.0000
  1.9892	  2.3208	 -0.4001	  0.0395	  0.0000
  2.1550	  2.3208	 -0.1310	  0.9828	  0.0000
  2.3208	  2.3208	  3.0727	  5.0125	  0.0000
  2.4865	  2.3208	  0.5085	  0.1435	  0.0000
  2.6523	  2.3208	  0.0460	  0.1935	  0.0000
  2.8181	  2.3208	 -0.0502	  0.0444	  0.0000
  2.9838	  2.3208	  0.0130	  0.0890	  0.0000
  3.1496	  2.3208	 -0.0253	 -0.2160	  0.0000
  3.3154	  2.3208	  0.0127	  0.4089	  0.0000
  3.4811	  2.3208	  0.0348	  0.3419	  0.0000
  3.6469	  2.3208	 -0.0004	 -0.0106	  0.0000
  3.8127	  2.3208	  0.0009	 -0.0104	  0.0000
  3.9785	  2.3208	  0.0603	  0.0989	  0.0000
  4.1442	  2.3208	  0.0747	 -0.0647	  1.0000
  4.3100	  2.3208	  0.0758	 -0.0485	  1.0000
  4.4758	  2.3208	  0.1284	 -0.0090	  0.0000
  4.6415	  2.3208	 -0.0191	  0.2160	  0.0000
  4.8073	  2.3208	  0.0400	  0.1378	  0.0000
  4.9731	  2.3208	  0.0533	  0.1642	  0.0000
  5.1388	  2.3208	 -0.0526	  0.0298	  0.0000
  5.3046	  2.3208	  0.0217	  0.0702	  0.0000
  5.4704	  2.3208	  0.0199	  0.0355	  0.0000
  5.6361	  2.3208	 -0.0269	 -0.1032	  0.0000
  5.8019	  2.3208	  0.0549	 -0.0128	  0.0000
  5.9677	  2.3208	  0.0595	 -0.0199	  0.0000
  6.1334	  2.3208	  0.0496	 -0.1246	  0.0000
  6.2992	  2.3208	  0.0416	 -0.2062	  0.0000
  6.4650	  2.3208	 -0.0018	 -0.0052	  0.0000
  0.1658	  2.1550	  0.1143	 -0.1724	  0.0000
  0.3315	  2.1550	 -0.0309	 -0.0221	  0.0000
  0.4973	  2.1550	  0.0328	 -0.0228	  0.0000
  0.6631	  2.1550	  0.0988	  0.0568	  0.0000
  0.8288	  2.1550	  3.5001	  2.1963	  0.0000
  0.9946	  2.1550	  0.2409	  0.2445	  1.0000
  1.1604	  2.1550	  0.4380	  0.1417	  0.0000
  1.3262	  2.1550	  0.2348	  0.2091	  0.0000
  1.4919	  2.1550	  0.4280	 -0.0040	  1.0000
  1.6577	  2.1550	 -0.0529	  0.1339	  0.0000
  1.8235	  2.1550	 -0.0877	  0.2141	  0.0000
  1.9892	  2.1550	 -0.2075	  0.1102	  0.0000
  2.1550	  2.1550	  1.2728	 -4.0747	  0.0000
  2.3208	  2.1550	 -1.5581	 -0.6470	  0.0000
  2.4865	  2.1550	 -1.4720	 -0.6369	  0.0000
  2.6523	  2.1550	 -0.0454	  0.0717	  0.0000
  2.8181	  2.1550	 -0.0619	  0.0498	  0.0000
  2.9838	  2.1550	  0.9691	  0.0456	  0.0000
  3.1496	  2.1550	  0.1655	  0.1773	  0.0000
  3.3154	  2.1550	  0.0344	  0.3815	  0.0000
  3.4811	  2.1550	  0.0584	  0.2109	  0.0000
  3.6469	  2.1550	  0.0002	  0.0002	  0.0000
  3.8127	  2.1550	  0.0003	 -0.0003	  0.0000
  3.9785	  2.1550	 -0.0359	 -0.1214	  0.0000
  4.1442	  2.1550	  0.1993	  0.0816	  0.0000
  4.3100	  2.1550	  0.3187	 -0.1746	  0.0000
  4.4758	  2.1550	  0.1783	 -0.3387	  0.0000
  4.6415	  2.1550	  0.0295	 -0.0012	  0.0000
  4.8073	  2.1550	  0.1752	  0.0469	  0.0000
  4.9731	  2.1550	  0.0720	  0.0505	  0.0000
  5.1388	  2.1550	 -0.0042	  5.7413	  0.0000
  5.3046	  2.1550	  0.0205	  0.2448	  1.0000
  5.4704	  2.1550	 -0.0367	  0.1634	  0.0000
  5.6361	  2.1550	 -0.0188	  0.0416	  0.0000
  5.8019	  2.1550	 -0.0547	  0.0534	  0.0000
  5.9677	  2.1550	 -0.6279	  0.0850	  0.0000
  6.1334	  2.1550	 -0.0465	 -0.0993	  0.0000
  6.2992	  2.1550	  0.0218	 -0.0614	  0.0000
  6.4650	  2.1550	 -0.0031	  0.0042	  0.0000
  0.1658	  1.9892	 -0.0738	 -0.8279	  0.0000
  0.3315	  1.9892	 -0.1121	  0.0908	  0.0000
  0.4973	  1.9892	 -0.1552	  0.0796	  0.0000
  0.6631	  1.9892	  0.0243	 -0.0179	  0.0000
  0.8288	  1.9892	  1.1617	 -0.0024	  0.0000
  0.9946	  1.9892	  0.0036	 -0.0644	  0.0000
  1.1604	  1.9892	  0.0707	  0.1628	  0.0000
  1.3262	  1.9892	  0.0461	  0.1877	  0.0000
  1.4919	  1.9892	  1.0742	  1.4860	  0.0000
  1.6577	  1.9892	  0.2214	  0.1489	  0.0000
  1.8235	  1.9892	 -0.0301	  0.3338	  0.0000
  1.9892	  1.9892	 -0.1322	  0.5994	  0.0000
  2.1550	  1.9892	  0.0588	  0.7795	  0.0000
  2.3208	  1.9892	 -1.7348	 -1.0877	  0.0000
  2.4865	  1.9892	 -1.7511	 -0.9538	  0.0000
  2.6523	  1.9892	 -5.5935	  0.4461	  0.0000
  2.8181	  1.9892	 -5.3226	 -0.7198	  0.0000
  2.9838	  1.9892	 -0.0943	 -0.4413	  0.0000
  3.1496	  1.9892	 -0.0513	  0.1600	  0.0000
  3.3154	  1.9892	  0.1145	  0.5230	  0.0000
  3.4811	  1.9892	  0.7235	  0.9312	  0.0000
  3.6469	  1.9892	  0.0073	 -0.0140	  0.0000
  3.8127	  1.9892	  0.0077	 -0.0127	  0.0000
  3.9785	  1.9892	 -0.2859	  0.1552	  0.0000
  4.1442	  1.9892	  0.1718	  0.0513	  0.0000
  4.3100	  1.9892	  0.2317	 -0.0655	  0.0000
  4.4758	  1.9892	  0.0830	 -0.0828	  0.0000
  4.6415	  1.9892	  0.0225	  0.0099	  0.0000
  4.8073	  1.9892	 -0.0792	  0.2415	  0.0000
  4.9731	  1.9892	 -0.1319	  0.3589	  0.0000
  5.1388	  1.9892	  0.1070	 -0.9213	  0.0000
  5.3046	  1.9892	  0.0645	 -0.2090	  0.0000
  5.4704	  1.9892	  0.0599	  0.0792	  0.0000
  5.6361	  1.9892	 -0.0112	  0.1295	  0.0000
  5.8019	  1.9892	 -0.1454	  4.5014	  0.0000
  5.9677	  1.9892	 -0.0297	  0.0398	  0.0000
  6.1334	  1.9892	 -0.0210	  0.1857	  1.0000
  6.2992	  1.9892	 -0.0184	  0.0143	  0.0000
  6.4650	  1.9892	  0.0002	  0.0170	  0.0000
  0.1658	  1.8235	  0.1778	 -1.1671	  0.0000
  0.3315	  1.8235	 -0.2663	  0.1433	  0.0000
  0.4973	  1.8235	 -0.3369	  0.1494	  0.0000
  0.6631	  1.8235	 -0.0178	  0.0063	  0.0000
  0.8288	  1.8235	 -7.9147	  0.0435	  0.0000
  0.9946	  1.8235	 -0.0230	  0.1553	  0.0000
  1.1604	  1.8235	  0.0742	  0.0519	  0.0000
  1.3262	  1.8235	  0.0425	  0.0419	  0.0000
  1.4919	  1.8235	  1.1748	  1.9336	  0.0000
  1.6577	  1.8235	  0.4437	  0.4930	  0.0000
  1.8235	  1.8235	  3.6624	 -6.3853	  0.0000
  1.9892	  1.8235	 -0.4065	  0.9433	  0.0000
  2.1550	  1.8235	  0.9629	  0.1869	  0.0000
  2.3208	  1.8235	 -1.7708	 -1.4996	  0.0000
  2.4865	  1.8235	 -0.9612	 -0.9240	  0.0000
  2.6523	  1.8235	 -1.2278	  7.5482	  0.0000
  2.8181	  1.8235	 -2.5963	 -5.7100	  0.0000
  2.9838	  1.8235	 -0.1225	 -0.4681	  0.0000
  3.1496	  1.8235	 -0.0751	  0.1180	  0.0000
  3.3154	  1.8235	  0.1416	  0.6141	  0.0000
  3.4811	  1.8235	  0.6258	  2.6275	  0.0000
  3.6469	  1.8235	  0.0031	 -0.0041	  0.0000
  3.8127	  1.8235	  0.0034	 -0.0060	  0.0000
  3.9785	  1.8235	  2.3537	  0.0474	  0.0000
  4.1442	  1.8235	  0.1254	 -0.0127	  1.0000
  4.3100	  1.8235	 -0.0020	 -0.0488	  0.0000
  4.4758	  1.8235	  0.1147	 -0.0959	  0.0000
  4.6415	  1.8235	  0.0339	  0.0845	  0.0000
  4.8073	  1.8235	 -0.2854	  0.6466	  0.0000
  4.9731	  1.8235	 -0.1761	  0.6175	  0.0000
  5.1388	  1.8235	  0.0301	 -0.1762	  0.0000
  5.3046	  1.8235	  0.1440	 -0.5863	  0.0000
  5.4704	  1.8235	  0.4148	  0.1036	  0.0000
  5.6361	  1.8235	  0.0156	  0.1404	  0.0000
  5.8019	  1.8235	  0.0981	  0.1059	  0.0000
  5.9677	  1.8235	  0.0206	  0.0022	  0.0000
  6.1334	  1.8235	 -0.0043	  0.0249	  0.0000
  6.2992	  1.8235	 -0.0114	  0.0179	  0.0000
  6.4650	  1.8235	  0.0005	  0.0095	  0.0000
  0.1658	  1.6577	  0.0553	 -0.4745	  0.0000
  0.3315	  1.6577	 -0.3474	 -1.2294	  0.0000
  0.4973	  1.6577	 -0.1930	  0.5781	  1.0000
  0.6631	  1.6577	  0.1026	  6.5975	  0.0000
  0.8288	  1.6577	  0.1384	  0.9644	  1.0000
  0.9946	  1.6577	  7.0563	  2.8359	  0.0000
  1.1604	  1.6577	 -0.0588	 -0.2887	  0.0000
  1.3262	  1.6577	 -0.0391	 -0.3586	  0.0000
  1.4919	  1.6577	  0.0550	  0.4505	  0.0000
  1.6577	  1.6577	  0.1481	  0.2606	  0.0000
  1.8235	  1.6577	  1.2941	 -2.9918	  0.0000
  1.9892	  1.6577	  0.8223	 -3.0397	  0.0000
  2.1550	  1.6577	  0.1813	 -0.7343	  0.0000
  2.3208	  1.6577	 -0.3952	 -0.6048	  0.0000
  2.4865	  1.6577	 -0.2140	 -0.3561	  0.0000
  2.6523	  1.6577	 -1.1287	 -0.9968	  0.0000
  2.8181	  1.6577	  5.2226	 -6.2219	  0.0000
  2.9838	  1.6577	 -0.1993	 -0.2615	  0.0000
  3.1496	  1.6577	 -0.0141	 -0.1343	  0.0000
  3.3154	  1.6577	  0.0673	 -0.1317	  1.0000
  3.4811	  1.6577	  0.1123	 -0.0555	  1.0000
  3.6469	  1.6577	  0.0013	  0.0280	  0.0000
  3.8127	  1.6577	  0.0016	  0.0165	  0.0000
  3.9785	  1.6577	 -0.5510	  0.2535	  0.0000
  4.1442	  1.6577	  0.1403	 -0.1317	  0.0000
  4.3100	  1.6577	 -0.1158	 -0.1540	  0.0000
  4.4758	  1.6577	  0.3471	 -0.0587	  0.0000
  4.6415	  1.6577	  0.7792	 -0.1286	  0.0000
  4.8073	  1.6577	  0.5153	 -0.0745	  0.0000
  4.9731	  1.6577	 -0.0935	  0.4009	  0.0000
  5.1388	  1.6577	 -0.1131	 -0.0285	  0.0000
  5.3046	  1.6577	  0.0197	  0.4015	  1.0000
  5.4704	  1.6577	  0.3118	  0.2488	  0.0000
  5.6361	  1.6577	  0.0040	  0.0786	  0.0000
  5.8019	  1.6577	  0.0694	  0.0371	  0.0000
  5.9677	  1.6577	  0.0186	  0.0264	  0.0000
  6.1334	  1.6577	  0.0021	  0.0304	  0.0000
  6.2992	  1.6577	  0.0041	  0.0147	  0.0000
  6.4650	  1.6577	 -0.0013	  0.0026	  0.0000
  0.1658	  1.4919	 -0.0503	 -0.2476	  0.0000
  0.3315	  1.4919	 -0.2415	 -0.1358	  0.0000
  0.4973	  1.4919	 -0.1196	 -0.0635	  0.0000
  0.6631	  1.4919	  0.9258	  2.3519	  0.0000
  0.8288	  1.4919	  0.1437	  2.3532	  0.0000
  0.9946	  1.4919	 -0.2472	  1.2679	  1.0000
  1.1604	  1.4919	  0.1863	 -0.1293	  0.0000
  1.3262	  1.4919	  0.1987	 -0.2027	  0.0000
  1.4919	  1.4919	 -0.0666	 -2.1699	  0.0000
  1.6577	  1.4919	  0.0187	 -2.4199	  0.0000
  1.8235	  1.4919	 -0.0141	 -0.0218	  0.0000
  1.9892	  1.4919	 -0.1521	  0.2474	  0.0000
  2.1550	  1.4919	 -0.3100	 -0.0239	  0.0000
  2.3208	  1.4919	 -0.7511	  0.0967	  0.0000
  2.4865	  1.4919	 -0.1526	 -0.0177	  0.0000
  2.6523	  1.4919	 -0.1347	 -0.0605	  0.0000
  2.8181	  1.4919	 -1.1285	 -0.3502	  0.0000
  2.9838	  1.4919	 -0.7547	 -0.3390	  0.0000
  3.1496	  1.4919	 -0.3160	 -0.0911	  0.0000
  3.3154	  1.4919	  2.4019	  1.1457	  0.0000
  3.4811	  1.4919	  5.1721	  1.4842	  0.0000
  3.6469	  1.4919	  0.0054	  0.0280	  0.0000
  3.8127	  1.4919	  0.0066	  0.0386	  0.0000
  3.9785	  1.4919	 -0.3699	  0.4234	  0.0000
  4.1442	  1.4919	  0.0574	 -0.0163	  0.0000
  4.3100	  1.4919	 -0.1122	 -0.0296	  0.0000
  4.4758	  1.4919	  0.2673	 -0.0362	  0.0000
  4.6415	  1.4919	  0.6552	 -0.1201	  0.0000
  4.8073	  1.4919	  0.4541	 -0.1665	  0.0000
  4.9731	  1.4919	  0.0934	  0.4168	  1.0000
  5.1388	  1.4919	  0.0434	  7.4063	  0.0000
  5.3046	  1.4919	  0.0059	  0.5204	  0.0000
  5.4704	  1.4919	 -0.1298	  0.3705	  0.0000
  5.6361	  1.4919	 -0.0041	  0.1172	  0.0000
  5.8019	  1.4919	  0.0294	 -0.0036	  0.0000
  5.9677	  1.4919	 -0.0016	  0.0300	  0.0000
  6.1334	  1.4919	 -0.0026	  0.0340	  0.0000
  6.2992	  1.4919	  0.0046	  0.0088	  0.0000
  6.4650	  1.4919	 -0.0023	 -0.0036	  0.0000
  0.1658	  1.3262	 -0.0111	  0.0475	  0.0000
  0.3315	  1.3262	 -0.0226	  0.1121	  0.0000
  0.4973	  1.3262	 -0.0066	  0.0734	  0.0000
  0.6631	  1.3262	  1.1742	  2.4052	  0.0000
  0.8288	  1.3262	  1.1243	  2.6400	  0.0000
  0.9946	  1.3262	 -0.1498	  1.9346	  0.0000
  1.1604	  1.3262	  0.4653	 -0.0616	  0.0000
  1.3262	  1.3262	  0.2144	 -0.0510	  0.0000
  1.4919	  1.3262	 -0.0156	  0.4299	  0.0000
  1.6577	  1.3262	 -0.1352	 -0.0071	  0.0000
  1.8235	  1.3262	  0.0343	  0.0824	  0.0000
  1.9892	  1.3262	  0.2579	  0.9122	  0.0000
  2.1550	  1.3262	 -1.6330	 -0.8170	  0.0000
  2.3208	  1.3262	 -0.9580	  0.1863	  0.0000
  2.4865	  1.3262	 -0.1954	 -0.0108	  0.0000
  2.6523	  1.3262	 -0.4909	 -0.0642	  0.0000
  2.8181	  1.3262	 -0.6373	 -0.6326	  0.0000
  2.9838	  1.3262	  0.0015	 -0.2262	  1.0000
  3.1496	  1.3262	 -0.4251	 -0.1870	  0.0000
  3.3154	  1.3262	 -2.2496	 -5.5416	  0.0000
  3.4811	  1.3262	 -3.4655	 -2.9547	  0.0000
  3.6469	  1.3262	  0.0048	  0.0030	  0.0000
  3.8127	  1.3262	  0.0043	  0.0195	  0.0000
  3.9785	  1.3262	  0.2108	  0.6782	  0.0000
  4.1442	  1.3262	  0.0973	  0.1650	  0.0000
  4.3100	  1.3262	 -0.0857	  0.0948	  0.0000
  4.4758	  1.3262	  0.0857	 -0.0074	  0.0000
  4.6415	  1.3262	  0.2081	 -0.0318	  0.0000
  4.8073	  1.3262	 -0.1050	 -0.0017	  0.0000
  4.9731	  1.3262	 -0.0622	  0.0453	  0.0000
  5.1388	  1.3262	 -0.0486	  0.1983	  0.0000
  5.3046	  1.3262	 -0.0046	  0.0823	  0.0000
  5.4704	  1.3262	 -0.0487	  0.1397	  0.0000
  5.6361	  1.3262	  0.0718	  0.0753	  1.0000
  5.8019	  1.3262	  0.0582	  0.0057	  0.0000
  5.9677	  1.3262	 -0.0024	  0.0143	  0.0000
  6.1334	  1.3262	 -0.0033	  0.0155	  0.0000
  6.2992	  1.3262	  0.0049	 -0.0023	  0.0000
  6.4650	  1.3262	 -0.0004	 -0.0254	  0.0000
  0.1658	  1.1604	  0.0091	  0.0800	  0.0000
  0.3315	  1.1604	  0.1297	  0.2515	  0.0000
  0.4973	  1.1604	 -0.0024	  0.2318	  0.0000
  0.6631	  1.1604	 -2.2469	  5.1703	  0.0000
  0.8288	  1.1604	 -0.0607	  0.7240	  1.0000
  0.9946	  1.1604	 -0.2591	  0.6280	  1.0000
  1.1604	  1.1604	 -5.8930	  1.9243	  0.0000
  1.3262	  1.1604	 -1.1319	  0.6780	  1.0000
  1.4919	  1.1604	 -1.2933	  2.0222	  0.0000
  1.6577	  1.1604	  1.3556	  4.1109	  0.0000
  1.8235	  1.1604	  1.5223	  6.8534	  0.0000
  1.9892	  1.1604	 -1.2075	  0.6972	  1.0000
  2.1550	  1.1604	 -1.1583	  0.3108	  1.0000
  2.3208	  1.1604	 -4.5724	 -3.5327	  0.0000
  2.4865	  1.1604	 -0.6569	  0.4770	  1.0000
  2.6523	  1.1604	  1.0440	  3.0897	  0.0000
  2.8181	  1.1604	  0.0396	 -0.3544	  0.0000
  2.9838	  1.1604	  1.0440	  1.5297	  0.0000
  3.1496	  1.1604	 -1.4697	 -0.0330	  0.0000
  3.3154	  1.1604	 -0.7073	  0.4756	  1.0000
  3.4811	  1.1604	 -0.7461	  0.3597	  1.0000
  3.6469	  1.1604	  0.0057	 -0.0015	  0.0000
  3.8127	  1.1604	  0.0051	 -0.0021	  0.0000
  3.9785	  1.1604	  0.5740	  0.2075	  0.0000
  4.1442	  1.1604	  0.0829	  0.5876	  0.0000
  4.3100	  1.1604	  0.0791	  0.7378	  0.0000
  4.4758	  1.1604	 -0.1048	 -0.0102	  0.0000
  4.6415	  1.1604	 -0.0575	 -0.0013	  0.0000
  4.8073	  1.1604	 -0.0366	  0.0911	  0.0000
  4.9731	  1.1604	 -0.1718	  0.2794	  0.0000
  5.1388	  1.1604	 -0.0350	  0.4683	  0.0000
  5.3046	  1.1604	  0.5373	  0.0463	  1.0000
  5.4704	  1.1604	  0.0395	  0.0907	  0.0000
  5.6361	  1.1604	  0.0105	  0.0002	  0.0000
  5.8019	  1.1604	  0.0748	 -0.0089	  0.0000
  5.9677	  1.1604	  0.0222	 -0.0518	  0.0000
  6.1334	  1.1604	 -0.0029	 -0.0017	  0.0000
  6.2992	  1.1604	 -0.0098	  0.0285	  0.0000
  6.4650	  1.1604	 -0.0010	 -0.0112	  0.0000
  0.1658	  0.9946	 -0.0399	  0.0904	  1.0000
  0.3315	  0.9946	  0.1310	  0.1522	  0.0000
  0.4973	  0.9946	 -0.0274	  0.1251	  0.0000
  0.6631	  0.9946	 -5.6109	  1.4747	  0.0000
  0.8288	  0.9946	  5.9124	  0.8768	  0.0000
  0.9946	  0.9946	  0.8221	 -0.8954	  0.0000
  1.1604	  0.9946	  1.9059	 -2.1734	  0.0000
  1.3262	  0.9946	 -2.5251	  2.8239	  0.0000
  1.4919	  0.9946	 -2.7576	  2.6518	  0.0000
  1.6577	  0.9946	 -2.3706	  7.7343	  0.0000
  1.8235	  0.9946	 -2.6054	  6.5925	  0.0000
  1.9892	  0.9946	 -3.6592	 -3.8935	  0.0000
  2.1550	  0.9946	 -1.3372	  0.0927	  1.0000
  2.3208	  0.9946	 -1.1638	 -1.1288	  0.0000
  2.4865	  0.9946	  1.3816	  3.7221	  0.0000
  2.6523	  0.9946	  1.3531	  3.7186	  0.0000
  2.8181	  0.9946	 -0.7653	  1.2586	  1.0000
  2.9838	  0.9946	  1.2330	  1.3244	  0.0000
  3.1496	  0.9946	 -2.1414	  2.3066	  0.0000
  3.3154	  0.9946	  0.1907	 -4.9776	  0.0000
  3.4811	  0.9946	 -7.2281	  7.1400	  0.0000
  3.6469	  0.9946	  0.0199	  0.0008	  0.0000
  3.8127	  0.9946	  0.0180	 -0.0037	  0.0000
  3.9785	  0.9946	  0.1955	  0.2034	  1.0000
  4.1442	  0.9946	 -0.0756	  0.4155	  0.0000
  4.3100	  0.9946	 -0.2360	  0.6836	  0.0000
  4.4758	  0.9946	 -0.3048	 -0.0819	  0.0000
  4.6415	  0.9946	 -0.2548	  0.3418	  0.0000
  4.8073	  0.9946	 -0.0804	  0.6331	  0.0000
  4.9731	  0.9946	 -0.1202	  0.0732	  0.0000
  5.1388	  0.9946	  5.6641	 -4.2014	  0.0000
  5.3046	  0.9946	  0.6961	 -0.1781	  1.0000
  5.4704	  0.9946	  0.0429	  0.0252	  0.0000
  5.6361	  0.9946	 -0.0045	 -0.0506	  0.0000
  5.8019	  0.9946	 -0.0089	 -0.0172	  0.0000
  5.9677	  0.9946	 -0.0131	 -0.1061	  0.0000
  6.1334	  0.9946	 -0.0146	  0.0638	  0.0000
  6.2992	  0.9946	 -0.0172	  0.1169	  0.0000
  6.4650	  0.9946	 -0.0012	  0.0169	  0.0000
  0.1658	  0.8288	 -0.0510	  0.0914	  1.0000
  0.3315	  0.8288	 -0.1771	 -0.1026	  0.0000
  0.4973	  0.8288	 -0.0904	 -0.0623	  0.0000
  0.6631	  0.8288	  0.2691	 -0.3297	  0.0000
  0.8288	  0.8288	  0.3899	 -2.2897	  0.0000
  0.9946	  0.8288	 -0.2092	 -0.0324	  0.0000
  1.1604	  0.8288	  0.0250	 -0.0865	  0.0000
  1.3262	  0.8288	 -1.8848	 -5.3175	  0.0000
  1.4919	  0.8288	 -7.0562	 -0.0558	  0.0000
  1.6577	  0.8288	 -7.4641	  4.3080	  0.0000
  1.8235	  0.8288	 -0.1484	 -1.4802	  0.0000
  1.9892	  0.8288	 -1.9539	 -0.5843	  0.0000
  2.1550	  0.8288	 -0.1735	 -0.4364	  0.0000
  2.3208	  0.8288	 -1.5518	 -0.4303	  0.0000
  2.4865	  0.8288	 -7.8404	 -0.0391	  0.0000
  2.6523	  0.8288	  6.7036	  5.3460	  0.0000
  2.8181	  0.8288	 -1.2075	  1.3013	  1.0000
  2.9838	  0.8288	 -0.6496	  0.7849	  1.0000
  3.1496	  0.8288	 -7.6913	  6.0457	  0.0000
  3.3154	  0.8288	 -1.2704	  2.6295	  0.0000
  3.4811	  0.8288	  1.2352	  1.0764	  0.0000
  3.6469	  0.8288	  0.0214	  0.0070	  0.0000
  3.8127	  0.8288	  0.0062	  0.0007	  0.0000
  3.9785	  0.8288	  4.2947	 -2.8531	  0.0000
  4.1442	  0.8288	 -0.1906	 -0.0931	  0.0000
  4.3100	  0.8288	 -1.6051	 -1.5490	  0.0000
  4.4758	  0.8288	 -2.0267	 -0.0510	  0.0000
  4.6415	  0.8288	 -0.4376	  0.0378	  0.0000
  4.8073	  0.8288	 -0.3435	  0.1268	  0.0000
  4.9731	  0.8288	  0.0031	  0.2335	  0.0000
  5.1388	  0.8288	  6.0742	 -5.2923	  0.0000
  5.3046	  0.8288	  0.8127	 -0.1231	  1.0000
  5.4704	  0.8288	 -0.0150	  0.2276	  0.0000
  5.6361	  0.8288	 -0.0282	  0.2151	  0.0000
  5.8019	  0.8288	  0.0262	  0.0870	  0.0000
  5.9677	  0.8288	 -0.0818	  0.4976	  0.0000
  6.1334	  0.8288	  0.0489	  0.0491	  0.0000
  6.2992	  0.8288	  0.1146	  0.1163	  0.0000
  6.4650	  0.8288	  0.0013	  0.0147	  0.0000
  0.1658	  0.6631	 -0.0267	  0.2076	  0.0000
  0.3315	  0.6631	 -0.3584	  0.1507	  0.0000
  0.4973	  0.6631	 -0.0541	 -0.0927	  0.0000
  0.6631	  0.6631	  0.1022	 -0.2544	  0.0000
  0.8288	  0.6631	 -0.5901	 -3.7483	  0.0000
  0.9946	  0.6631	 -0.6694	 -3.5748	  0.0000
  1.1604	  0.6631	  0.0061	 -0.1067	  0.0000
  1.3262	  0.6631	  5.3538	  3.1278	  0.0000
  1.4919	  0.6631	 -7.7825	 -1.5569	  0.0000
  1.6577	  0.6631	 -0.3966	  2.5382	  0.0000
  1.8235	  0.6631	  3.3772	 -5.7269	  0.0000
  1.9892	  0.6631	 -1.6937	 -0.1526	  0.0000
  2.1550	  0.6631	 -0.1010	  0.0785	  0.0000
  2.3208	  0.6631	 -0.8939	  0.1470	  0.0000
  2.4865	  0.6631	 -6.5403	  0.4820	  0.0000
  2.6523	  0.6631	 -0.2065	  0.5261	  0.0000
  2.8181	  0.6631	 -0.0859	  0.5720	  0.0000
  2.9838	  0.6631	 -0.0548	 -0.0361	  0.0000
  3.1496	  0.6631	 -0.9576	  0.4678	  1.0000
  3.3154	  0.6631	 -0.7993	  0.3236	  1.0000
  3.4811	  0.6631	  0.0025	  0.0710	  0.0000
  3.6469	  0.6631	  0.0121	 -0.0163	  0.0000
  3.8127	  0.6631	 -0.0060	  0.0083	  0.0000
  3.9785	  0.6631	  2.2264	  7.4936	  0.0000
  4.1442	  0.6631	 -0.0182	 -0.1545	  0.0000
  4.3100	  0.6631	 -0.7542	 -1.5482	  0.0000
  4.4758	  0.6631	 -6.2932	 -0.6820	  0.0000
  4.6415	  0.6631	  3.6376	  5.4637	  0.0000
  4.8073	  0.6631	 -0.0199	  0.9468	  0.0000
  4.9731	  0.6631	  1.8483	  1.6048	  0.0000
  5.1388	  0.6631	  2.0932	  1.5434	  0.0000
  5.3046	  0.6631	  0.0112	 -0.0102	  0.0000
  5.4704	  0.6631	  0.0192	  0.0167	  0.0000
  5.6361	  0.6631	 -0.0096	  0.0829	  0.0000
  5.8019	  0.6631	  0.0196	  0.0806	  0.0000
  5.9677	  0.6631	 -5.2431	  0.0553	  0.0000
  6.1334	  0.6631	 -0.0039	  0.0192	  0.0000
  6.2992	  0.6631	  3.8838	 -0.0495	  0.0000
  6.4650	  0.6631	 -0.0022	 -0.0116	  0.0000
  0.1658	  0.4973	 -0.0468	  0.2252	  0.0000
  0.3315	  0.4973	 -0.1831	  0.0856	  0.0000
  0.4973	  0.4973	  0.0221	 -0.0626	  0.0000
  0.6631	  0.4973	 -1.9396	 -0.0244	  0.0000
  0.8288	  0.4973	 -0.0468	 -0.0585	  0.0000
  0.9946	  0.4973	  1.4107	  0.0352	  0.0000
  1.1604	  0.4973	  1.8731	  0.0391	  0.0000
  1.3262	  0.4973	 -3.6795	  5.7795	  0.0000
  1.4919	  0.4973	 -4.8770	  2.1386	  0.0000
  1.6577	  0.4973	 -1.2829	  0.5696	  1.0000
  1.8235	  0.4973	 -0.4535	  0.6608	  0.0000
  1.9892	  0.4973	  0.0815	 -0.0577	  0.0000
  2.1550	  0.4973	  0.1354	  0.0541	  0.0000
  2.3208	  0.4973	 -0.7449	  0.1988	  1.0000
  2.4865	  0.4973	 -0.5277	  0.0582	  1.0000
  2.6523	  0.4973	 -7.0216	 -0.0125	  0.0000
  2.8181	  0.4973	 -0.2579	  0.3525	  0.0000
  2.9838	  0.4973	 -3.9211	 -0.2123	  0.0000
  3.1496	  0.4973	 -1.0934	 -0.2925	  0.0000
  3.3154	  0.4973	  2.5786	 -6.7897	  0.0000
  3.4811	  0.4973	 -0.0111	 -0.0055	  0.0000
  3.6469	  0.4973	  0.0146	  0.0207	  0.0000
  3.8127	  0.4973	  0.0049	  0.0308	  0.0000
  3.9785	  0.4973	 -6.6372	  0.1660	  0.0000
  4.1442	  0.4973	 -2.9895	  4.9867	  0.0000
  4.3100	  0.4973	 -0.2522	  0.2306	  1.0000
  4.4758	  0.4973	 -0.3031	  0.0690	  1.0000
  4.6415	  0.4973	 -0.0150	  0.0172	  0.0000
  4.8073	  0.4973	 -0.0420	  0.0441	  0.0000
  4.9731	  0.4973	  0.6591	  0.2448	  1.0000
  5.1388	  0.4973	  2.0539	  1.4701	  0.0000
  5.3046	  0.4973	  0.0071	  0.0875	  0.0000
  5.4704	  0.4973	  0.0552	  0.0675	  0.0000
  5.6361	  0.4973	  0.0054	  0.0288	  0.0000
  5.8019	  0.4973	  0.0113	  0.1379	  0.0000
  5.9677	  0.4973	 -5.2925	  0.0583	  0.0000
  6.1334	  0.4973	 -3.9383	 -3.0773	  0.0000
  6.2992	  0.4973	 -0.5275	  1.7846	  0.0000
  6.4650	  0.4973	 -0.0011	  0.0379	  0.0000
  0.1658	  0.3315	 -0.0487	  0.1387	  0.0000
  0.3315	  0.3315	 -0.0993	  0.1113	  0.0000
  0.4973	  0.3315	  0.0364	  0.0619	  0.0000
  0.6631	  0.3315	 -0.1028	 -0.0600	  0.0000
  0.8288	  0.3315	 -0.0188	 -0.0539	  0.0000
  0.9946	  0.3315	  0.1077	 -0.0148	  0.0000
  1.1604	  0.3315	  1.4062	  0.1930	  0.0000
  1.3262	  0.3315	 -5.2794	  3.5029	  0.0000
  1.4919	  0.3315	  6.9419	  1.5116	  0.0000
  1.6577	  0.3315	 -0.0489	  0.0331	  0.0000
  1.8235	  0.3315	 -0.0267	  0.0259	  0.0000
  1.9892	  0.3315	 -2.4696	  1.0744	  0.0000
  2.1550	  0.3315	  6.6758	 -1.1829	  0.0000
  2.3208	  0.3315	  0.7184	 -0.0051	  0.0000
  2.4865	  0.3315	  0.2410	 -0.1264	  0.0000
  2.6523	  0.3315	  0.4706	 -0.2762	  0.0000
  2.8181	  0.3315	 -1.3300	 -0.1900	  1.0000
  2.9838	  0.3315	  1.0772	 -1.3317	  0.0000
  3.1496	  0.3315	 -0.6654	 -0.5049	  0.0000
  3.3154	  0.3315	  0.0305	  0.1958	  0.0000
  3.4811	  0.3315	 -0.0005	 -0.0217	  0.0000
  3.6469	  0.3315	  0.0125	 -0.0132	  0.0000
  3.8127	  0.3315	  0.0115	  0.0378	  0.0000
  3.9785	  0.3315	  0.4247	  0.0865	  0.0000
  4.1442	  0.3315	  0.7688	  0.4445	  0.0000
  4.3100	  0.3315	 -0.3170	  0.5136	  1.0000
  4.4758	  0.3315	 -0.1895	 -0.0267	  0.0000
  4.6415	  0.3315	 -0.0643	  0.0205	  0.0000
  4.8073	  0.3315	 -0.0181	 -0.0074	  0.0000
  4.9731	  0.3315	  0.2095	 -0.0233	  0.0000
  5.1388	  0.3315	  0.0357	 -0.0072	  0.0000
  5.3046	  0.3315	 -0.0118	  0.0307	  0.0000
  5.4704	  0.3315	  0.0097	  0.0727	  0.0000
  5.6361	  0.3315	 -0.0012	  0.0230	  0.0000
  5.8019	  0.3315	 -0.0129	  0.0357	  0.0000
  5.9677	  0.3315	 -0.9663	 -0.3644	  1.0000
  6.1334	  0.3315	 -0.6141	  1.8486	  0.0000
  6.2992	  0.3315	 -0.0663	  0.0172	  0.0000
  6.4650	  0.3315	 -0.0020	 -0.0055	  0.0000
  0.1658	  0.1658	 -0.0252	  0.2453	  0.0000
  0.3315	  0.1658	 -0.0130	  0.5780	  0.0000
  0.4973	  0.1658	 -0.0769	  0.2097	  0.0000
  0.6631	  0.1658	 -0.1247	 -0.0710	  0.0000
  0.8288	  0.1658	 -0.0201	 -0.0606	  0.0000
  0.9946	  0.1658	 -0.0169	 -0.0409	  0.0000
  1.1604	  0.1658	  0.0985	 -0.0208	  0.0000
  1.3262	  0.1658	 -5.6726	  1.5564	  0.0000
  1.4919	  0.1658	  6.8532	  1.1522	  0.0000
  1.6577	  0.1658	 -0.0509	  0.0327	  0.0000
  1.8235	  0.1658	 -0.0195	  0.0276	  0.0000
  1.9892	  0.1658	 -2.4392	  1.1331	  0.0000
  2.1550	  0.1658	 -0.0240	 -0.0145	  0.0000
  2.3208	  0.1658	 -0.0283	  0.0392	  0.0000
  2.4865	  0.1658	  0.0047	  0.0663	  0.0000
  2.6523	  0.1658	  0.4824	 -0.8663	  0.0000
  2.8181	  0.1658	  0.0429	 -4.2685	  0.0000
  2.9838	  0.1658	 -0.1114	 -4.4658	  0.0000
  3.1496	  0.1658	 -6.1674	  6.4303	  0.0000
  3.3154	  0.1658	 -3.8941	  7.2840	  0.0000
  3.4811	  0.1658	 -0.0010	 -0.0335	  0.0000
  3.6469	  0.1658	  0.0068	 -0.0273	  0.0000
  3.8127	  0.1658	  0.0132	  0.0280	  0.0000
  3.9785	  0.1658	  0.5183	  0.1949	  0.0000
  4.1442	  0.1658	  0.4138	 -7.1159	  0.0000
  4.3100	  0.1658	  3.6504	  0.8728	  0.0000
  4.4758	  0.1658	 -0.1157	 -0.6626	  0.0000
  4.6415	  0.1658	 -0.0307	 -0.1054	  0.0000
  4.8073	  0.1658	 -0.0209	 -0.0613	  0.0000
  4.9731	  0.1658	  0.0289	 -0.0388	  0.0000
  5.1388	  0.1658	  0.0259	 -0.0408	  0.0000
  5.3046	  0.1658	 -0.0350	 -0.0372	  0.0000
  5.4704	  0.1658	 -0.0203	  0.0052	  0.0000
  5.6361	  0.1658	  0.0012	  0.0034	  0.0000
  5.8019	  0.1658	 -0.0219	  0.0485	  0.0000
  5.9677	  0.1658	 -2.9749	 -3.9430	  0.0000
  6.1334	  0.1658	 -3.5591	 -4.1055	  0.0000
  6.2992	  0.1658	 -0.0157	  0.0285	  0.0000
  6.4650	  0.1658	 -0.0022	  0.0061	  0.0000
