# x	y	u	v	mask
  0.1658	  4.8073	 -0.0863	 -0.0000	  0.0000
  0.3315	  4.8073	  0.0720	 -0.0673	  0.0000
  0.4973	  4.8073	 -0.0091	 -0.0114	  0.0000
  0.6631	  4.8073	 -0.0048	  0.0055	  0.0000
  0.8288	  4.8073	 -0.0053	 -0.0013	  0.0000
  0.9946	  4.8073	  0.0042	 -0.0082	  0.0000
  1.1604	  4.8073	  0.0052	 -0.0014	  0.0000
  1.3262	  4.8073	  0.0209	  0.0040	  0.0000
  1.4919	  4.8073	  0.0100	  0.0046	  0.0000
  1.6577	  4.8073	 -0.0153	 -0.0020	  0.0000
  1.8235	  4.8073	 -0.0059	 -0.0006	  0.0000
  1.9892	  4.8073	 -0.0009	  0.0061	  0.0000
  2.1550	  4.8073	 -0.0017	  0.0067	  0.0000
  2.3208	  4.8073	 -0.0021	  0.0110	  0.0000
  2.4865	  4.8073	  0.0014	  0.0130	  0.0000
  2.6523	  4.8073	 -0.0001	  0.0055	  0.0000
  2.8181	  4.8073	 -0.0007	  0.0012	  0.0000
  2.9838	  4.8073	  0.0002	  0.0065	  0.0000
  3.1496	  4.8073	 -0.0030	  0.0076	  0.0000
  3.3154	  4.8073	  0.0010	  0.0085	  0.0000
  3.4811	  4.8073	  0.0022	  0.0065	  0.0000
  3.6469	  4.8073	 -0.0003	  0.0020	  1.0000
  3.8127	  4.8073	  0.0030	  0.0039	  0.0000
  3.9785	  4.8073	  0.0038	  0.0029	  0.0000
  4.1442	  4.8073	 -0.0046	  0.0006	  0.0000
  4.3100	  4.8073	  0.0000	 -0.0007	  0.0000
  4.4758	  4.8073	  0.0094	 -0.0049	  0.0000
  4.6415	  4.8073	  0.0110	 -0.0050	  0.0000
  4.8073	  4.8073	  0.0063	 -0.0007	  0.0000
  4.9731	  4.8073	  0.0093	 -0.0005	  0.0000
  5.1388	  4.8073	  0.0087	 -0.0014	  0.0000
  5.3046	  4.8073	  0.0026	  0.0025	  0.0000
  5.4704	  4.8073	 -0.0014	  0.0029	  0.0000
  5.6361	  4.8073	  0.0007	 -0.0037	  0.0000
  5.8019	  4.8073	  0.0027	 -0.0013	  0.0000
  5.9677	  4.8073	 -0.0142	 -0.0024	  0.0000
  6.1334	  4.8073	 -0.0087	 -0.0147	  0.0000
  6.2992	  4.8073	 -0.0031	 -0.0013	  1.0000
  6.4650	  4.8073	 -0.0021	 -0.0018	  1.0000
  0.1658	  4.6415	  0.0297	 -0.0066	  0.0000
  0.3315	  4.6415	  0.0079	 -0.0105	  0.0000
  0.4973	  4.6415	  0.0216	 -0.0090	  0.0000
  0.6631	  4.6415	  0.0021	 -0.0055	  0.0000
  0.8288	  4.6415	 -0.0065	  0.0004	  0.0000
  0.9946	  4.6415	  0.0002	  0.0024	  0.0000
  1.1604	  4.6415	  0.0203	 -0.0043	  0.0000
  1.3262	  4.6415	  0.0127	 -0.0026	  0.0000
  1.4919	  4.6415	 -0.0030	  0.0065	  0.0000
  1.6577	  4.6415	 -0.0112	  0.0065	  0.0000
  1.8235	  4.6415	 -0.0025	 -0.0053	  0.0000
  1.9892	  4.6415	  0.0026	  0.0000	  0.0000
  2.1550	  4.6415	  0.0037	  0.0048	  0.0000
  2.3208	  4.6415	  0.0009	 -0.0029	  0.0000
  2.4865	  4.6415	 -0.0027	 -0.0031	  0.0000
  2.6523	  4.6415	 -0.0010	 -0.0029	  0.0000
  2.8181	  4.6415	 -0.0013	 -0.0038	  0.0000
  2.9838	  4.6415	 -0.0023	 -0.0025	  0.0000
  3.1496	  4.6415	 -0.0060	 -0.0009	  0.0000
  3.3154	  4.6415	  0.0007	  0.0018	  0.0000
  3.4811	  4.6415	 -0.0014	  0.0019	  1.0000
  3.6469	  4.6415	  0.0012	 -0.0061	  0.0000
  3.8127	  4.6415	  0.0004	 -0.0011	  0.0000
  3.9785	  4.6415	  0.0008	 -0.0030	  0.0000
  4.1442	  4.6415	 -0.0012	 -0.0038	  0.0000
  4.3100	  4.6415	  0.0019	 -0.0050	  0.0000
  4.4758	  4.6415	  0.0026	 -0.0022	  1.0000
  4.6415	  4.6415	  0.0051	 -0.0099	  0.0000
  4.8073	  4.6415	  0.0059	 -0.0099	  0.0000
  4.9731	  4.6415	  0.0106	 -0.0037	  0.0000
  5.1388	  4.6415	  0.0008	  0.0016	  0.0000
  5.3046	  4.6415	 -0.0071	 -0.0029	  0.0000
  5.4704	  4.6415	 -0.0182	 -0.0038	  0.0000
  5.6361	  4.6415	  0.0045	  0.0016	  0.0000
  5.8019	  4.6415	  0.0020	  0.0023	  0.0000
  5.9677	  4.6415	 -0.0057	  0.0021	  0.0000
  6.1334	  4.6415	  0.0173	 -0.0007	  0.0000
  6.2992	  4.6415	 -0.0168	 -0.0202	  0.0000
  6.4650	  4.6415	 -0.0142	  0.0230	  0.0000
  0.1658	  4.4758	 -0.0107	  0.0002	  0.0000
  0.3315	  4.4758	  0.0200	 -0.0043	  0.0000
  0.4973	  4.4758	  0.0206	 -0.0101	  0.0000
  0.6631	  4.4758	 -0.0043	 -0.0032	  0.0000
  0.8288	  4.4758	 -0.0121	  0.0228	  0.0000
  0.9946	  4.4758	 -0.0025	  0.0029	  0.0000
  1.1604	  4.4758	  0.0088	 -0.0068	  0.0000
  1.3262	  4.4758	  0.0002	 -0.0065	  0.0000
  1.4919	  4.4758	  0.0000	 -0.0052	  0.0000
  1.6577	  4.4758	 -0.0022	  0.0055	  0.0000
  1.8235	  4.4758	 -0.0024	  0.0048	  0.0000
  1.9892	  4.4758	 -0.0058	  0.0079	  0.0000
  2.1550	  4.4758	 -0.0027	  0.0098	  0.0000
  2.3208	  4.4758	 -0.0001	  0.0025	  1.0000
  2.4865	  4.4758	 -0.0081	 -0.0019	  0.0000
  2.6523	  4.4758	 -0.0039	  0.0015	  0.0000
  2.8181	  4.4758	  0.0021	 -0.0020	  0.0000
  2.9838	  4.4758	  0.0032	 -0.0055	  0.0000
  3.1496	  4.4758	 -0.0002	 -0.0037	  0.0000
  3.3154	  4.4758	 -0.0002	  0.0009	  0.0000
  3.4811	  4.4758	 -0.0061	  0.0040	  0.0000
  3.6469	  4.4758	 -0.0060	  0.0061	  0.0000
  3.8127	  4.4758	 -0.0029	  0.0049	  0.0000
  3.9785	  4.4758	 -0.0011	 -0.0037	  0.0000
  4.1442	  4.4758	  0.0019	 -0.0011	  0.0000
  4.3100	  4.4758	  0.0006	  0.0030	  0.0000
  4.4758	  4.4758	  0.0006	  0.0004	  0.0000
  4.6415	  4.4758	  0.0009	 -0.0011	  0.0000
  4.8073	  4.4758	  0.0048	 -0.0025	  0.0000
  4.9731	  4.4758	  0.0100	  0.0033	  0.0000
  5.1388	  4.4758	  0.0008	  0.0125	  0.0000
  5.3046	  4.4758	 -0.0038	  0.0055	  0.0000
  5.4704	  4.4758	  0.0009	  0.0030	  0.0000
  5.6361	  4.4758	  0.0047	  0.0041	  0.0000
  5.8019	  4.4758	 -0.0033	 -0.0028	  0.0000
  5.9677	  4.4758	  0.0011	  0.0001	  0.0000
  6.1334	  4.4758	  0.0053	  0.0073	  0.0000
  6.2992	  4.4758	 -0.0258	 -0.0003	  0.0000
  6.4650	  4.4758	  0.0296	 -0.0071	  0.0000
  0.1658	  4.3100	 -0.0145	 -0.0123	  0.0000
  0.3315	  4.3100	  0.0215	 -0.0175	  0.0000
  0.4973	  4.3100	  0.0163	  0.0020	  0.0000
  0.6631	  4.3100	 -0.0116	  0.0026	  0.0000
  0.8288	  4.3100	 -0.0146	  0.0116	  0.0000
  0.9946	  4.3100	 -0.0023	 -0.0013	  0.0000
  1.1604	  4.3100	 -0.0018	 -0.0051	  0.0000
  1.3262	  4.3100	 -0.0080	 -0.0011	  0.0000
  1.4919	  4.3100	  0.0006	 -0.0024	  0.0000
  1.6577	  4.3100	 -0.0066	 -0.0030	  0.0000
  1.8235	  4.3100	  0.0055	  0.0002	  0.0000
  1.9892	  4.3100	  0.0050	  0.0030	  0.0000
  2.1550	  4.3100	  0.0031	  0.0008	  0.0000
  2.3208	  4.3100	 -0.0033	 -0.0020	  0.0000
  2.4865	  4.3100	 -0.0032	 -0.0006	  0.0000
  2.6523	  4.3100	  0.0066	  0.0029	  0.0000
  2.8181	  4.3100	  0.0028	  0.0015	  0.0000
  2.9838	  4.3100	  0.0020	 -0.0024	  0.0000
  3.1496	  4.3100	 -0.0015	 -0.0007	  0.0000
  3.3154	  4.3100	 -0.0023	  0.0005	  0.0000
  3.4811	  4.3100	 -0.0004	 -0.0001	  0.0000
  3.6469	  4.3100	 -0.0039	  0.0013	  0.0000
  3.8127	  4.3100	 -0.0016	  0.0005	  0.0000
  3.9785	  4.3100	 -0.0013	 -0.0018	  0.0000
  4.1442	  4.3100	 -0.0023	 -0.0021	  0.0000
  4.3100	  4.3100	 -0.0027	  0.0003	  0.0000
  4.4758	  4.3100	  0.0022	  0.0016	  0.0000
  4.6415	  4.3100	  0.0043	 -0.0014	  0.0000
  4.8073	  4.3100	  0.0044	 -0.0005	  1.0000
  4.9731	  4.3100	  0.0087	  0.0034	  0.0000
  5.1388	  4.3100	  0.0091	  0.0032	  0.0000
  5.3046	  4.3100	  0.0035	  0.0059	  0.0000
  5.4704	  4.3100	  0.0110	  0.0024	  0.0000
  5.6361	  4.3100	  0.0016	 -0.0042	  0.0000
  5.8019	  4.3100	 -0.0096	  0.0065	  0.0000
  5.9677	  4.3100	  0.0029	  0.0110	  0.0000
  6.1334	  4.3100	  0.0048	  0.0094	  0.0000
  6.2992	  4.3100	 -0.0022	  0.0067	  0.0000
  6.4650	  4.3100	  0.0080	  0.0019	  0.0000
  0.1658	  4.1442	 -0.0173	 -0.0039	  0.0000
  0.3315	  4.1442	  0.0223	 -0.0288	  0.0000
  0.4973	  4.1442	  0.0255	 -0.0155	  0.0000
  0.6631	  4.1442	  0.0014	  0.0059	  0.0000
  0.8288	  4.1442	 -0.0482	 -0.0242	  0.0000
  0.9946	  4.1442	 -0.4456	 -0.0234	  0.0000
  1.1604	  4.1442	 -0.0733	 -0.0137	  0.0000
  1.3262	  4.1442	 -0.0494	 -0.0133	  0.0000
  1.4919	  4.1442	 -0.0516	 -0.0065	  0.0000
  1.6577	  4.1442	 -0.0247	  0.0005	  0.0000
  1.8235	  4.1442	  0.0136	 -0.0002	  0.0000
  1.9892	  4.1442	  0.0110	  0.0015	  0.0000
  2.1550	  4.1442	 -0.0022	  0.0021	  0.0000
  2.3208	  4.1442	 -0.0141	 -0.0005	  0.0000
  2.4865	  4.1442	 -0.0011	 -0.0026	  0.0000
  2.6523	  4.1442	  0.0162	 -0.0012	  0.0000
  2.8181	  4.1442	  0.0017	 -0.0007	  0.0000
  2.9838	  4.1442	 -0.0025	 -0.0017	  0.0000
  3.1496	  4.1442	 -0.0083	 -0.0015	  0.0000
  3.3154	  4.1442	 -0.0027	 -0.0031	  0.0000
  3.4811	  4.1442	 -0.0036	 -0.0005	  0.0000
  3.6469	  4.1442	 -0.0000	  0.0011	  0.0000
  3.8127	  4.1442	  0.0012	  0.0008	  0.0000
  3.9785	  4.1442	 -0.0002	 -0.0015	  0.0000
  4.1442	  4.1442	  0.0017	 -0.0007	  0.0000
  4.3100	  4.1442	  0.0040	  0.0005	  0.0000
  4.4758	  4.1442	  0.0065	  0.0028	  0.0000
  4.6415	  4.1442	  0.0024	  0.0033	  0.0000
  4.8073	  4.1442	 -0.0034	 -0.0028	  0.0000
  4.9731	  4.1442	  0.0044	 -0.0010	  0.0000
  5.1388	  4.1442	  0.0098	  0.0010	  0.0000
  5.3046	  4.1442	  0.0063	 -0.0023	  0.0000
  5.4704	  4.1442	  0.0026	 -0.0050	  0.0000
  5.6361	  4.1442	 -0.0037	  0.0001	  0.0000
  5.8019	  4.1442	 -0.0201	  0.0021	  0.0000
  5.9677	  4.1442	 -0.0045	  0.0012	  0.0000
  6.1334	  4.1442	  0.0070	  0.0018	  0.0000
  6.2992	  4.1442	  0.0068	  0.0020	  0.0000
  6.4650	  4.1442	  0.0036	  0.0067	  0.0000
  0.1658	  3.9785	 -0.0384	  0.0173	  0.0000
  0.3315	  3.9785	  0.0442	 -0.0002	  0.0000
  0.4973	  3.9785	  0.0771	 -0.0270	  0.0000
  0.6631	  3.9785	  0.0110	  0.0251	  0.0000
  0.8288	  3.9785	 -0.8004	  0.0910	  0.0000
  0.9946	  3.9785	 -0.7710	  0.1260	  0.0000
  1.1604	  3.9785	 -0.0336	  0.0063	  0.0000
  1.3262	  3.9785	  0.0203	  0.0138	  0.0000
  1.4919	  3.9785	 -0.0524	  0.0031	  0.0000
  1.6577	  3.9785	 -0.0396	 -0.0345	  0.0000
  1.8235	  3.9785	  0.0017	  0.0700	  0.0000
  1.9892	  3.9785	 -0.0618	  0.1260	  0.0000
  2.1550	  3.9785	 -0.0935	 -0.0434	  0.0000
  2.3208	  3.9785	 -0.1529	 -0.0632	  0.0000
  2.4865	  3.9785	 -0.0534	  0.0073	  0.0000
  2.6523	  3.9785	  0.0283	 -0.0025	  0.0000
  2.8181	  3.9785	  0.0053	 -0.0062	  0.0000
  2.9838	  3.9785	 -0.0069	  0.0010	  0.0000
  3.1496	  3.9785	 -0.0170	 -0.0027	  0.0000
  3.3154	  3.9785	 -0.0174	 -0.0069	  0.0000
  3.4811	  3.9785	 -0.0140	  0.0112	  0.0000
  3.6469	  3.9785	 -0.0020	  0.0092	  0.0000
  3.8127	  3.9785	  0.0031	 -0.0143	  0.0000
  3.9785	  3.9785	  0.0020	 -0.0138	  0.0000
  4.1442	  3.9785	  0.0229	 -0.0023	  0.0000
  4.3100	  3.9785	  0.0136	 -0.0016	  0.0000
  4.4758	  3.9785	 -0.0033	  0.0012	  0.0000
  4.6415	  3.9785	 -0.0107	 -0.0032	  0.0000
  4.8073	  3.9785	 -0.0045	 -0.0041	  0.0000
  4.9731	  3.9785	  0.0104	 -0.0006	  0.0000
  5.1388	  3.9785	  0.0279	 -0.0036	  0.0000
  5.3046	  3.9785	  0.0314	 -0.0050	  0.0000
  5.4704	  3.9785	  0.0273	 -0.0034	  0.0000
  5.6361	  3.9785	  0.0181	 -0.0016	  0.0000
  5.8019	  3.9785	 -0.0326	 -0.0026	  0.0000
  5.9677	  3.9785	 -0.0229	 -0.0018	  0.0000
  6.1334	  3.9785	 -0.0234	  0.0015	  0.0000
  6.2992	  3.9785	  0.0017	 -0.0006	  0.0000
  6.4650	  3.9785	  0.0072	  0.0172	  0.0000
  0.1658	  3.8127	  0.0415	 -0.0395	  0.0000
  0.3315	  3.8127	 -0.0269	 -0.0055	  0.0000
  0.4973	  3.8127	 -0.0202	  0.0011	  0.0000
  0.6631	  3.8127	  0.0469	 -0.0039	  0.0000
  0.8288	  3.8127	 -0.3214	 -0.0235	  0.0000
  0.9946	  3.8127	 -0.4836	 -0.0075	  0.0000
  1.1604	  3.8127	  0.0494	  0.0170	  0.0000
  1.3262	  3.8127	  0.1337	  0.0928	  0.0000
  1.4919	  3.8127	  0.0002	  0.0156	  0.0000
  1.6577	  3.8127	  0.0009	 -0.0405	  0.0000
  1.8235	  3.8127	  0.0966	  0.0242	  0.0000
  1.9892	  3.8127	  0.0021	  0.1141	  0.0000
  2.1550	  3.8127	 -0.1061	 -0.0022	  0.0000
  2.3208	  3.8127	 -0.1292	 -0.0354	  0.0000
  2.4865	  3.8127	  0.0659	 -0.3581	  0.0000
  2.6523	  3.8127	  0.2089	 -0.2712	  0.0000
  2.8181	  3.8127	  0.0412	 -0.0660	  0.0000
  2.9838	  3.8127	 -0.0000	 -0.0197	  0.0000
  3.1496	  3.8127	 -0.0293	  0.0196	  0.0000
  3.3154	  3.8127	 -0.0231	  0.0107	  0.0000
  3.4811	  3.8127	 -0.0080	  0.0128	  0.0000
  3.6469	  3.8127	 -0.0042	  0.0100	  0.0000
  3.8127	  3.8127	  0.0021	 -0.0161	  0.0000
  3.9785	  3.8127	  0.0051	 -0.0482	  0.0000
  4.1442	  3.8127	  0.0235	 -0.0523	  0.0000
  4.3100	  3.8127	  0.0089	 -0.0066	  0.0000
  4.4758	  3.8127	 -0.0285	  0.0090	  0.0000
  4.6415	  3.8127	 -0.0187	  0.0086	  0.0000
  4.8073	  3.8127	  0.0120	 -0.0032	  0.0000
  4.9731	  3.8127	  0.0195	 -0.0124	  0.0000
  5.1388	  3.8127	  0.0343	 -0.0449	  0.0000
  5.3046	  3.8127	  0.6664	 -0.3891	  0.0000
  5.4704	  3.8127	  0.1134	 -0.0557	  0.0000
  5.6361	  3.8127	  0.0798	 -0.0416	  0.0000
  5.8019	  3.8127	  0.0030	 -0.0231	  0.0000
  5.9677	  3.8127	  0.0050	  0.0189	  0.0000
  6.1334	  3.8127	  0.0141	  0.0050	  0.0000
  6.2992	  3.8127	  0.0028	 -0.0119	  0.0000
  6.4650	  3.8127	 -0.0152	 -0.0088	  0.0000
  0.1658	  3.6469	 -0.0398	  0.0174	  0.0000
  0.3315	  3.6469	 -0.0008	 -0.0064	  0.0000
  0.4973	  3.6469	 -0.0163	 -0.0049	  0.0000
  0.6631	  3.6469	  0.0108	 -0.0088	  0.0000
  0.8288	  3.6469	  0.1100	  0.0135	  0.0000
  0.9946	  3.6469	 -0.0728	  0.0465	  0.0000
  1.1604	  3.6469	  0.1028	  0.0310	  0.0000
  1.3262	  3.6469	  0.4443	  0.0350	  0.0000
  1.4919	  3.6469	  0.2142	  0.0304	  0.0000
  1.6577	  3.6469	  0.1894	  0.0406	  0.0000
  1.8235	  3.6469	  0.1637	  0.0695	  0.0000
  1.9892	  3.6469	  0.0800	 -0.0107	  0.0000
  2.1550	  3.6469	 -0.1447	 -0.0444	  0.0000
  2.3208	  3.6469	 -0.1147	 -0.0174	  0.0000
  2.4865	  3.6469	  0.1153	 -0.0188	  0.0000
  2.6523	  3.6469	  0.3062	 -0.1340	  0.0000
  2.8181	  3.6469	  0.1293	 -0.0029	  0.0000
  2.9838	  3.6469	  0.0698	 -0.0087	  0.0000
  3.1496	  3.6469	 -0.0132	  0.0064	  0.0000
  3.3154	  3.6469	  0.0051	  0.0176	  0.0000
  3.4811	  3.6469	 -0.0020	  0.0211	  0.0000
  3.6469	  3.6469	  0.0024	  0.0192	  0.0000
  3.8127	  3.6469	  0.0065	 -0.0155	  0.0000
  3.9785	  3.6469	 -0.0337	 -0.1163	  0.0000
  4.1442	  3.6469	 -0.1856	 -0.0703	  0.0000
  4.3100	  3.6469	 -0.0503	  0.0341	  0.0000
  4.4758	  3.6469	 -0.0467	 -0.0033	  0.0000
  4.6415	  3.6469	 -0.0133	  0.0048	  0.0000
  4.8073	  3.6469	  0.0134	 -0.0074	  0.0000
  4.9731	  3.6469	  0.0110	 -0.0198	  0.0000
  5.1388	  3.6469	  0.0336	 -0.0275	  0.0000
  5.3046	  3.6469	  0.1083	 -0.1048	  0.0000
  5.4704	  3.6469	  0.0894	 -0.5342	  0.0000
  5.6361	  3.6469	 -0.1322	 -0.4910	  0.0000
  5.8019	  3.6469	 -0.0400	 -0.0779	  0.0000
  5.9677	  3.6469	  0.0082	 -0.0154	  0.0000
  6.1334	  3.6469	  0.0169	 -0.0161	  0.0000
  6.2992	  3.6469	  0.0035	 -0.0161	  0.0000
  6.4650	  3.6469	 -0.0031	  0.0058	  0.0000
  0.1658	  3.4811	 -0.1130	  0.0619	  0.0000
  0.3315	  3.4811	  0.0046	 -0.0190	  0.0000
  0.4973	  3.4811	 -0.0338	 -0.0357	  0.0000
  0.6631	  3.4811	 -0.0118	  0.0650	  0.0000
  0.8288	  3.4811	  0.2258	  0.1297	  0.0000
  0.9946	  3.4811	  0.0025	  0.5460	  0.0000
  1.1604	  3.4811	  0.1003	  0.3795	  0.0000
  1.3262	  3.4811	  0.4867	  0.0519	  0.0000
  1.4919	  3.4811	  0.0948	  0.0576	  0.0000
  1.6577	  3.4811	  0.0288	  0.1971	  0.0000
  1.8235	  3.4811	  0.0169	  0.1540	  0.0000
  1.9892	  3.4811	  0.1445	 -0.0603	  0.0000
  2.1550	  3.4811	 -0.0015	 -0.1256	  0.0000
  2.3208	  3.4811	 -0.0638	 -0.0856	  0.0000
  2.4865	  3.4811	  0.0191	  0.0080	  0.0000
  2.6523	  3.4811	  0.2014	 -0.0225	  0.0000
  2.8181	  3.4811	  0.1780	 -0.0494	  0.0000
  2.9838	  3.4811	 -0.0018	 -0.0704	  0.0000
  3.1496	  3.4811	 -0.0053	 -0.0159	  0.0000
  3.3154	  3.4811	  0.0028	  0.0144	  0.0000
  3.4811	  3.4811	 -0.0109	  0.0242	  0.0000
  3.6469	  3.4811	  0.0015	  0.0019	  0.0000
  3.8127	  3.4811	  0.0065	 -0.0201	  0.0000
  3.9785	  3.4811	 -0.0222	 -0.0725	  0.0000
  4.1442	  3.4811	 -0.1556	 -0.1024	  0.0000
  4.3100	  3.4811	 -0.1832	 -0.0362	  0.0000
  4.4758	  3.4811	 -0.0505	 -0.0072	  0.0000
  4.6415	  3.4811	 -0.0155	  0.0010	  0.0000
  4.8073	  3.4811	 -0.0036	  0.0069	  0.0000
  4.9731	  3.4811	 -0.0012	 -0.0074	  0.0000
  5.1388	  3.4811	  0.0656	 -0.0317	  0.0000
  5.3046	  3.4811	  0.0479	 -0.0221	  0.0000
  5.4704	  3.4811	 -0.0014	 -0.0106	  0.0000
  5.6361	  3.4811	 -0.0354	 -0.0055	  0.0000
  5.8019	  3.4811	  0.0133	  0.0453	  0.0000
  5.9677	  3.4811	  0.0305	 -0.0053	  0.0000
  6.1334	  3.4811	  0.0052	 -0.0095	  0.0000
  6.2992	  3.4811	  0.0123	  0.0036	  0.0000
  6.4650	  3.4811	  0.0039	  0.0089	  0.0000
  0.1658	  3.3154	 -0.1532	 -0.0428	  0.0000
  0.3315	  3.3154	  0.0014	  0.0069	  0.0000
  0.4973	  3.3154	 -0.0320	  0.0098	  0.0000
  0.6631	  3.3154	 -0.0116	  0.4390	  0.0000
  0.8288	  3.3154	  0.2439	  0.5588	  0.0000
  0.9946	  3.3154	 -3.9011	  5.9187	  0.0000
  1.1604	  3.3154	  0.1902	  0.1936	  0.0000
  1.3262	  3.3154	  0.0930	  0.0471	  0.0000
  1.4919	  3.3154	  0.0427	 -0.0912	  0.0000
  1.6577	  3.3154	  0.1555	 -0.0229	  0.0000
  1.8235	  3.3154	  0.0325	  0.0428	  0.0000
  1.9892	  3.3154	 -0.0228	 -0.3402	  0.0000
  2.1550	  3.3154	  0.0054	 -0.3453	  0.0000
  2.3208	  3.3154	 -0.0393	 -0.0864	  0.0000
  2.4865	  3.3154	  0.0064	 -0.0002	  0.0000
  2.6523	  3.3154	  0.0740	 -0.0177	  0.0000
  2.8181	  3.3154	  0.0682	 -0.0882	  0.0000
  2.9838	  3.3154	  0.0194	 -0.0515	  0.0000
  3.1496	  3.3154	 -0.0118	 -0.0067	  0.0000
  3.3154	  3.3154	 -0.0949	 -0.0027	  0.0000
  3.4811	  3.3154	 -0.0671	  0.0096	  0.0000
  3.6469	  3.3154	 -0.0007	 -0.0253	  0.0000
  3.8127	  3.3154	  0.0042	 -0.0171	  0.0000
  3.9785	  3.3154	  0.1503	  0.0004	  0.0000
  4.1442	  3.3154	  0.0335	 -0.2126	  0.0000
  4.3100	  3.3154	 -0.0251	 -0.0335	  0.0000
  4.4758	  3.3154	 -0.0097	  0.0199	  0.0000
  4.6415	  3.3154	 -0.0084	  0.0164	  0.0000
  4.8073	  3.3154	 -0.0055	  0.0093	  0.0000
  4.9731	  3.3154	 -0.0164	 -0.0285	  0.0000
  5.1388	  3.3154	 -0.0947	 -0.0735	  0.0000
  5.3046	  3.3154	 -0.0113	 -0.0335	  0.0000
  5.4704	  3.3154	 -0.0303	 -0.0104	  0.0000
  5.6361	  3.3154	 -0.0157	  0.0177	  0.0000
  5.8019	  3.3154	  0.0106	  0.2197	  0.0000
  5.9677	  3.3154	 -0.0968	  0.1457	  0.0000
  6.1334	  3.3154	  0.0251	  0.0360	  0.0000
  6.2992	  3.3154	  0.0181	  0.0305	  0.0000
  6.4650	  3.3154	  0.0008	  0.0182	  0.0000
  0.1658	  3.1496	 -0.1291	 -0.1824	  0.0000
  0.3315	  3.1496	 -0.0010	 -0.0025	  0.0000
  0.4973	  3.1496	  0.0402	 -0.0046	  0.0000
  0.6631	  3.1496	 -0.0064	  0.0808	  0.0000
  0.8288	  3.1496	 -0.0371	  0.1220	  0.0000
  0.9946	  3.1496	  0.5523	  0.6689	  1.0000
  1.1604	  3.1496	  0.5707	  0.6422	  1.0000
  1.3262	  3.1496	 -0.0710	 -0.0750	  0.0000
  1.4919	  3.1496	  0.0989	 -0.0585	  0.0000
  1.6577	  3.1496	  0.2423	 -0.0925	  0.0000
  1.8235	  3.1496	  0.1504	 -0.1269	  0.0000
  1.9892	  3.1496	 -0.0570	 -0.2867	  0.0000
  2.1550	  3.1496	 -0.1083	 -0.1498	  0.0000
  2.3208	  3.1496	 -0.0956	  0.0481	  0.0000
  2.4865	  3.1496	 -0.0398	  0.0037	  0.0000
  2.6523	  3.1496	  0.0141	  0.0226	  0.0000
  2.8181	  3.1496	  0.1330	 -0.0001	  0.0000
  2.9838	  3.1496	  0.0228	 -0.0683	  0.0000
  3.1496	  3.1496	 -0.0405	 -0.0140	  0.0000
  3.3154	  3.1496	 -0.0713	 -0.0020	  0.0000
  3.4811	  3.1496	  0.0434	 -0.0267	  0.0000
  3.6469	  3.1496	 -0.0011	 -0.0350	  0.0000
  3.8127	  3.1496	  0.0050	  0.0528	  0.0000
  3.9785	  3.1496	  0.2391	  0.1707	  0.0000
  4.1442	  3.1496	 -0.0018	  0.0737	  0.0000
  4.3100	  3.1496	 -0.0849	  0.0354	  0.0000
  4.4758	  3.1496	 -0.0254	  0.0294	  0.0000
  4.6415	  3.1496	 -0.0291	  0.0089	  0.0000
  4.8073	  3.1496	 -0.0262	 -0.0020	  0.0000
  4.9731	  3.1496	 -0.0649	 -0.0456	  0.0000
  5.1388	  3.1496	 -0.2135	 -0.1985	  0.0000
  5.3046	  3.1496	  0.0058	 -0.4514	  0.0000
  5.4704	  3.1496	  0.0468	 -0.0147	  0.0000
  5.6361	  3.1496	  0.0080	  0.1220	  0.0000
  5.8019	  3.1496	 -0.0443	  0.0240	  0.0000
  5.9677	  3.1496	 -0.0479	 -0.0285	  0.0000
  6.1334	  3.1496	  0.0049	 -0.0168	  0.0000
  6.2992	  3.1496	  0.0098	  0.0182	  0.0000
  6.4650	  3.1496	 -0.0006	  0.0284	  0.0000
  0.1658	  2.9838	 -0.0296	  0.1012	  0.0000
  0.3315	  2.9838	 -0.0023	  0.0470	  0.0000
  0.4973	  2.9838	  0.0385	  0.0060	  0.0000
  0.6631	  2.9838	  0.0070	 -0.0289	  0.0000
  0.8288	  2.9838	 -0.0442	  0.0327	  0.0000
  0.9946	  2.9838	  5.5631	  2.6126	  0.0000
  1.1604	  2.9838	  0.4896	  0.4925	  1.0000
  1.3262	  2.9838	  0.5430	  0.0929	  0.0000
  1.4919	  2.9838	  0.1008	  0.0598	  0.0000
  1.6577	  2.9838	 -0.0408	 -0.0430	  0.0000
  1.8235	  2.9838	 -0.1016	 -0.1604	  0.0000
  1.9892	  2.9838	 -0.2282	 -0.4224	  0.0000
  2.1550	  2.9838	 -0.1245	 -0.2428	  0.0000
  2.3208	  2.9838	 -0.0878	 -0.0678	  0.0000
  2.4865	  2.9838	 -0.1048	 -0.0073	  0.0000
  2.6523	  2.9838	 -0.0860	  0.0158	  0.0000
  2.8181	  2.9838	 -0.0642	 -0.0114	  0.0000
  2.9838	  2.9838	 -0.0687	 -0.9624	  0.0000
  3.1496	  2.9838	 -1.5591	 -0.9994	  0.0000
  3.3154	  2.9838	  0.3165	 -0.0523	  0.0000
  3.4811	  2.9838	  0.4315	 -0.0576	  0.0000
  3.6469	  2.9838	  0.0009	 -0.0253	  0.0000
  3.8127	  2.9838	  0.0024	  0.0723	  0.0000
  3.9785	  2.9838	  0.1929	  0.2391	  0.0000
  4.1442	  2.9838	 -0.0136	  0.0935	  0.0000
  4.3100	  2.9838	 -0.1636	 -0.0293	  0.0000
  4.4758	  2.9838	 -0.1779	  0.0205	  0.0000
  4.6415	  2.9838	 -0.1798	  0.0133	  0.0000
  4.8073	  2.9838	 -0.1478	 -0.2156	  0.0000
  4.9731	  2.9838	 -0.1404	 -0.4561	  0.0000
  5.1388	  2.9838	 -0.0684	 -0.5807	  0.0000
  5.3046	  2.9838	  0.0438	 -0.3204	  0.0000
  5.4704	  2.9838	 -0.0195	 -0.1248	  0.0000
  5.6361	  2.9838	 -0.0318	  0.0730	  0.0000
  5.8019	  2.9838	 -0.0990	  0.3362	  0.0000
  5.9677	  2.9838	 -0.0001	  0.1550	  0.0000
  6.1334	  2.9838	 -0.0220	 -0.0378	  0.0000
  6.2992	  2.9838	 -0.0157	 -0.0059	  0.0000
  6.4650	  2.9838	  0.0007	  0.0022	  0.0000
  0.1658	  2.8181	  0.0714	  0.4128	  0.0000
  0.3315	  2.8181	 -0.0090	  0.1589	  0.0000
  0.4973	  2.8181	 -0.0073	  0.0406	  0.0000
  0.6631	  2.8181	 -0.0082	  0.0193	  0.0000
  0.8288	  2.8181	 -0.1580	  0.3875	  0.0000
  0.9946	  2.8181	  6.2367	  3.2791	  0.0000
  1.1604	  2.8181	  2.1378	  0.2262	  0.0000
  1.3262	  2.8181	  0.6145	 -0.1589	  0.0000
  1.4919	  2.8181	  0.0922	 -0.0617	  0.0000
  1.6577	  2.8181	 -0.0576	  0.0192	  0.0000
  1.8235	  2.8181	 -0.0973	 -0.0900	  0.0000
  1.9892	  2.8181	 -0.1495	 -0.0745	  0.0000
  2.1550	  2.8181	 -0.0800	 -0.0875	  0.0000
  2.3208	  2.8181	 -0.0644	 -0.0565	  0.0000
  2.4865	  2.8181	 -0.0925	 -0.0047	  0.0000
  2.6523	  2.8181	 -0.1068	 -0.0041	  0.0000
  2.8181	  2.8181	 -0.3622	  0.1421	  0.0000
  2.9838	  2.8181	 -0.0798	 -0.0291	  0.0000
  3.1496	  2.8181	 -0.0853	 -0.1093	  0.0000
  3.3154	  2.8181	  0.1221	 -0.1102	  0.0000
  3.4811	  2.8181	  0.2731	 -0.0503	  0.0000
  3.6469	  2.8181	  0.0060	 -0.0301	  0.0000
  3.8127	  2.8181	  0.0029	 -0.0076	  0.0000
  3.9785	  2.8181	  0.0972	  0.1626	  0.0000
  4.1442	  2.8181	 -0.0159	  0.0547	  0.0000
  4.3100	  2.8181	 -0.2407	 -0.0298	  0.0000
  4.4758	  2.8181	 -0.2052	  0.0359	  0.0000
  4.6415	  2.8181	 -0.1213	  0.0549	  0.0000
  4.8073	  2.8181	  0.0111	 -0.0111	  0.0000
  4.9731	  2.8181	 -0.0899	 -0.1528	  0.0000
  5.1388	  2.8181	  0.0247	 -0.4026	  0.0000
  5.3046	  2.8181	  0.0526	 -0.1378	  0.0000
  5.4704	  2.8181	 -0.0723	  0.0340	  0.0000
  5.6361	  2.8181	 -0.0387	  0.0615	  0.0000
  5.8019	  2.8181	 -0.0117	  0.0856	  0.0000
  5.9677	  2.8181	  0.1328	 -0.0959	  0.0000
  6.1334	  2.8181	  0.0883	 -0.0076	  0.0000
  6.2992	  2.8181	  0.0218	 -0.0156	  1.0000
  6.4650	  2.8181	  0.0009	 -0.0209	  0.0000
  0.1658	  2.6523	  0.0259	  0.2682	  0.0000
  0.3315	  2.6523	  0.0085	  0.2013	  0.0000
  0.4973	  2.6523	  0.0237	 -0.0488	  0.0000
  0.6631	  2.6523	 -0.0035	 -0.4152	  0.0000
  0.8288	  2.6523	  0.0076	 -0.2268	  0.0000
  0.9946	  2.6523	 -0.5346	 -0.0938	  0.0000
  1.1604	  2.6523	  0.1149	 -0.1278	  0.0000
  1.3262	  2.6523	 -0.7231	 -2.0072	  0.0000
  1.4919	  2.6523	  0.0170	 -0.1202	  0.0000
  1.6577	  2.6523	 -0.0399	  0.0638	  0.0000
  1.8235	  2.6523	 -0.0942	  0.0707	  0.0000
  1.9892	  2.6523	 -0.1269	  0.1651	  0.0000
  2.1550	  2.6523	 -0.1173	  0.1599	  0.0000
  2.3208	  2.6523	 -0.1327	  0.1192	  0.0000
  2.4865	  2.6523	 -0.0632	  0.1154	  0.0000
  2.6523	  2.6523	 -0.0126	  0.0262	  0.0000
  2.8181	  2.6523	 -0.5444	  0.0578	  0.0000
  2.9838	  2.6523	 -0.1884	 -0.1224	  0.0000
  3.1496	  2.6523	  0.0201	 -0.2061	  0.0000
  3.3154	  2.6523	 -0.0054	 -0.0701	  0.0000
  3.4811	  2.6523	  0.0568	 -0.0841	  0.0000
  3.6469	  2.6523	  0.0037	 -0.0360	  0.0000
  3.8127	  2.6523	  0.0016	 -0.0344	  0.0000
  3.9785	  2.6523	  0.3317	 -0.3610	  0.0000
  4.1442	  2.6523	  0.0806	 -0.1519	  0.0000
  4.3100	  2.6523	 -0.2024	  0.0585	  0.0000
  4.4758	  2.6523	 -0.2130	  0.0912	  0.0000
  4.6415	  2.6523	  0.0009	  0.0394	  0.0000
  4.8073	  2.6523	  0.0609	 -0.0275	  0.0000
  4.9731	  2.6523	 -0.0168	 -0.0425	  0.0000
  5.1388	  2.6523	  0.0380	 -0.0808	  0.0000
  5.3046	  2.6523	  0.0367	 -0.0740	  0.0000
  5.4704	  2.6523	  0.0241	  0.1321	  0.0000
  5.6361	  2.6523	 -0.0008	  0.1337	  0.0000
  5.8019	  2.6523	 -0.0016	  0.0379	  0.0000
  5.9677	  2.6523	  0.1196	 -0.1705	  0.0000
  6.1334	  2.6523	  0.0446	 -0.0374	  0.0000
  6.2992	  2.6523	  0.0023	  0.0567	  0.0000
  6.4650	  2.6523	 -0.0021	  0.0091	  0.0000
  0.1658	  2.4865	 -0.1307	 -0.0677	  0.0000
  0.3315	  2.4865	 -0.0015	 -0.0188	  0.0000
  0.4973	  2.4865	 -0.0132	 -0.0013	  0.0000
  0.6631	  2.4865	  0.0212	 -0.2794	  0.0000
  0.8288	  2.4865	  0.0909	 -0.5762	  0.0000
  0.9946	  2.4865	 -0.1394	  0.0432	  0.0000
  1.1604	  2.4865	  1.3112	 -0.0109	  0.0000
  1.3262	  2.4865	  0.1270	 -0.0939	  0.0000
  1.4919	  2.4865	  0.0135	 -0.0248	  0.0000
  1.6577	  2.4865	 -0.0573	  0.0550	  0.0000
  1.8235	  2.4865	 -0.1214	  0.1033	  0.0000
  1.9892	  2.4865	 -0.2009	  0.1510	  0.0000
  2.1550	  2.4865	 -0.2423	  0.3130	  0.0000
  2.3208	  2.4865	  0.1340	  5.5215	  0.0000
  2.4865	  2.4865	  0.2503	  0.3306	  0.0000
  2.6523	  2.4865	  0.0055	  0.0661	  0.0000
  2.8181	  2.4865	 -0.1974	  0.0096	  0.0000
  2.9838	  2.4865	 -0.1296	 -0.0200	  0.0000
  3.1496	  2.4865	 -0.1859	 -0.0365	  0.0000
  3.3154	  2.4865	 -0.0082	  0.0055	  0.0000
  3.4811	  2.4865	  0.0394	  0.0841	  0.0000
  3.6469	  2.4865	  0.0028	 -0.0124	  0.0000
  3.8127	  2.4865	  0.0017	 -0.0265	  0.0000
  3.9785	  2.4865	  0.1567	 -0.2710	  0.0000
  4.1442	  2.4865	  0.0891	 -0.0008	  0.0000
  4.3100	  2.4865	 -0.1799	  0.1515	  0.0000
  4.4758	  2.4865	 -0.0860	  0.0732	  0.0000
  4.6415	  2.4865	 -0.0314	  0.0537	  0.0000
  4.8073	  2.4865	 -0.0165	 -0.0010	  0.0000
  4.9731	  2.4865	  0.0202	 -0.0509	  0.0000
  5.1388	  2.4865	 -0.0068	 -0.0672	  0.0000
  5.3046	  2.4865	  0.0148	 -0.0622	  0.0000
  5.4704	  2.4865	 -0.0963	  0.1269	  0.0000
  5.6361	  2.4865	 -0.0275	  0.1339	  0.0000
  5.8019	  2.4865	  0.0497	  0.0713	  0.0000
  5.9677	  2.4865	  0.0584	 -0.0140	  0.0000
  6.1334	  2.4865	  0.0413	 -0.0461	  0.0000
  6.2992	  2.4865	  0.0021	 -0.0844	  0.0000
  6.4650	  2.4865	 -0.0034	 -0.0008	  0.0000
  0.1658	  2.3208	  0.0680	 -0.0931	  0.0000
  0.3315	  2.3208	 -0.0306	 -0.0216	  0.0000
  0.4973	  2.3208	  0.0325	 -0.0023	  0.0000
  0.6631	  2.3208	  0.0884	 -0.0231	  0.0000
  0.8288	  2.3208	  3.6051	  3.2838	  0.0000
  0.9946	  2.3208	  0.5801	  0.0610	  0.0000
  1.1604	  2.3208	  1.3686	  0.1477	  0.0000
  1.3262	  2.3208	  0.1238	  0.2448	  0.0000
  1.4919	  2.3208	 -0.0142	 -0.0308	  0.0000
  1.6577	  2.3208	 -0.0542	  0.1013	  0.0000
  1.8235	  2.3208	 -0.0998	  0.1436	  0.0000
  1.9892	  2.3208	 -0.3413	  0.0239	  0.0000
  2.1550	  2.3208	  0.2048	  0.6145	  0.0000
  2.3208	  2.3208	  0.0361	 -0.4831	  1.0000
  2.4865	  2.3208	  0.3464	  0.2925	  0.0000
  2.6523	  2.3208	  0.0650	  0.2718	  0.0000
  2.8181	  2.3208	 -0.0447	  0.1087	  0.0000
  2.9838	  2.3208	  0.0345	  0.0433	  0.0000
  3.1496	  2.3208	  0.0163	 -0.0801	  0.0000
  3.3154	  2.3208	  0.0256	  0.3398	  0.0000
  3.4811	  2.3208	  0.0516	  0.1893	  0.0000
  3.6469	  2.3208	 -0.0057	 -0.1047	  0.0000
  3.8127	  2.3208	 -0.0055	 -0.0773	  0.0000
  3.9785	  2.3208	 -0.0220	  0.0331	  0.0000
  4.1442	  2.3208	  0.1069	  0.3343	  0.0000
  4.3100	  2.3208	 -0.1187	  0.1119	  0.0000
  4.4758	  2.3208	  0.0736	 -0.0229	  0.0000
  4.6415	  2.3208	  0.0020	  0.1716	  0.0000
  4.8073	  2.3208	  0.0083	  0.1427	  0.0000
  4.9731	  2.3208	  0.0627	  0.0964	  0.0000
  5.1388	  2.3208	 -0.0168	  0.1109	  0.0000
  5.3046	  2.3208	  0.0272	  0.1299	  0.0000
  5.4704	  2.3208	 -0.0465	 -0.0305	  0.0000
  5.6361	  2.3208	 -0.0275	 -0.0577	  0.0000
  5.8019	  2.3208	  0.0636	 -0.0515	  0.0000
  5.9677	  2.3208	  0.0642	 -0.0809	  0.0000
  6.1334	  2.3208	  0.0513	 -0.1526	  0.0000
  6.2992	  2.3208	  0.0121	 -0.1709	  0.0000
  6.4650	  2.3208	 -0.0056	 -0.0098	  0.0000
  0.1658	  2.1550	  0.0369	 -0.3947	  0.0000
  0.3315	  2.1550	 -0.0149	 -0.0851	  0.0000
  0.4973	  2.1550	  0.0482	 -0.0115	  0.0000
  0.6631	  2.1550	  0.1130	  0.0011	  0.0000
  0.8288	  2.1550	  2.8031	  3.0932	  0.0000
  0.9946	  2.1550	  0.4775	  0.2691	  1.0000
  1.1604	  2.1550	  0.0795	  0.0906	  0.0000
  1.3262	  2.1550	  0.0835	  0.4272	  0.0000
  1.4919	  2.1550	 -0.1593	  0.0195	  0.0000
  1.6577	  2.1550	 -0.0253	  0.0906	  0.0000
  1.8235	  2.1550	 -0.0904	  0.1688	  0.0000
  1.9892	  2.1550	 -0.1001	 -0.0291	  0.0000
  2.1550	  2.1550	  1.4229	 -4.6872	  0.0000
  2.3208	  2.1550	  1.3862	 -3.6510	  0.0000
  2.4865	  2.1550	  0.1098	  0.0007	  0.0000
  2.6523	  2.1550	  0.0538	  0.0949	  0.0000
  2.8181	  2.1550	  0.0216	  0.0421	  0.0000
  2.9838	  2.1550	  0.4909	 -0.0045	  0.0000
  3.1496	  2.1550	  0.1814	  0.0581	  0.0000
  3.3154	  2.1550	  0.0118	  0.3099	  0.0000
  3.4811	  2.1550	  0.0433	  0.2091	  0.0000
  3.6469	  2.1550	 -0.0076	 -0.0064	  0.0000
  3.8127	  2.1550	 -0.0061	  0.0071	  0.0000
  3.9785	  2.1550	 -0.1014	 -0.0615	  0.0000
  4.1442	  2.1550	  0.1146	  0.0625	  0.0000
  4.3100	  2.1550	  0.1710	 -0.0059	  0.0000
  4.4758	  2.1550	  0.1511	 -0.1408	  0.0000
  4.6415	  2.1550	  0.0375	 -0.0146	  0.0000
  4.8073	  2.1550	  0.0837	  0.0420	  0.0000
  4.9731	  2.1550	  0.0156	  0.0395	  0.0000
  5.1388	  2.1550	  0.0325	  0.2078	  0.0000
  5.3046	  2.1550	  0.0676	  0.4512	  0.0000
  5.4704	  2.1550	  0.0146	 -0.0008	  0.0000
  5.6361	  2.1550	 -0.0340	  0.0327	  0.0000
  5.8019	  2.1550	 -0.0018	  0.0524	  0.0000
  5.9677	  2.1550	 -0.2652	 -0.0261	  0.0000
  6.1334	  2.1550	 -0.0151	 -0.0784	  0.0000
  6.2992	  2.1550	 -0.0150	 -0.0095	  0.0000
  6.4650	  2.1550	 -0.0054	  0.0229	  0.0000
  0.1658	  1.9892	 -0.1365	 -1.7914	  0.0000
  0.3315	  1.9892	 -0.0751	 -0.1473	  0.0000
  0.4973	  1.9892	 -0.1663	  0.0758	  0.0000
  0.6631	  1.9892	 -0.0156	 -0.0540	  0.0000
  0.8288	  1.9892	  0.0561	 -0.1111	  0.0000
  0.9946	  1.9892	  0.0125	 -0.1156	  0.0000
  1.1604	  1.9892	  0.0473	  0.1114	  0.0000
  1.3262	  1.9892	  0.0374	  0.2251	  0.0000
  1.4919	  1.9892	  0.1587	  0.3626	  0.0000
  1.6577	  1.9892	  0.1163	  0.1058	  0.0000
  1.8235	  1.9892	 -0.1222	  0.1680	  0.0000
  1.9892	  1.9892	 -0.1427	  0.4804	  0.0000
  2.1550	  1.9892	  0.6754	 -5.7546	  0.0000
  2.3208	  1.9892	 -0.5686	 -5.4087	  0.0000
  2.4865	  1.9892	 -1.6108	 -0.6191	  0.0000
  2.6523	  1.9892	 -0.1288	 -0.1912	  0.0000
  2.8181	  1.9892	 -0.1164	 -0.3227	  0.0000
  2.9838	  1.9892	 -0.0425	 -0.3057	  0.0000
  3.1496	  1.9892	 -0.1114	  0.0897	  0.0000
  3.3154	  1.9892	  0.0120	  0.3706	  0.0000
  3.4811	  1.9892	  0.6586	  0.9279	  0.0000
  3.6469	  1.9892	  0.0040	  0.0339	  0.0000
  3.8127	  1.9892	  0.0015	 -0.0156	  0.0000
  3.9785	  1.9892	 -0.2006	  0.2409	  0.0000
  4.1442	  1.9892	  0.0968	  0.1453	  0.0000
  4.3100	  1.9892	  0.1355	  0.0685	  0.0000
  4.4758	  1.9892	  0.0822	 -0.0434	  0.0000
  4.6415	  1.9892	  0.0059	 -0.0493	  0.0000
  4.8073	  1.9892	 -0.1939	  0.1549	  0.0000
  4.9731	  1.9892	 -0.1575	  0.1691	  0.0000
  5.1388	  1.9892	  0.1333	 -0.4051	  0.0000
  5.3046	  1.9892	  0.0205	  0.2856	  1.0000
  5.4704	  1.9892	  0.0240	  0.0706	  0.0000
  5.6361	  1.9892	 -0.0330	  6.3655	  0.0000
  5.8019	  1.9892	  0.0291	  0.4558	  1.0000
  5.9677	  1.9892	 -0.0635	  0.0872	  0.0000
  6.1334	  1.9892	  0.0191	  0.1732	  1.0000
  6.2992	  1.9892	 -0.0155	  0.0144	  0.0000
  6.4650	  1.9892	 -0.0020	  0.0158	  0.0000
  0.1658	  1.8235	  0.0766	 -1.3309	  0.0000
  0.3315	  1.8235	 -0.1320	 -0.1971	  0.0000
  0.4973	  1.8235	 -0.2139	  0.0669	  0.0000
  0.6631	  1.8235	  0.0311	 -0.1958	  0.0000
  0.8288	  1.8235	  1.0634	  0.0796	  1.0000
  0.9946	  1.8235	 -0.1076	  0.0291	  0.0000
  1.1604	  1.8235	  0.0316	  0.0221	  0.0000
  1.3262	  1.8235	  0.0234	  0.0664	  0.0000
  1.4919	  1.8235	  0.1012	  0.5873	  0.0000
  1.6577	  1.8235	  0.3630	  0.2532	  0.0000
  1.8235	  1.8235	 -0.1639	  0.0842	  0.0000
  1.9892	  1.8235	 -0.4851	  0.9430	  0.0000
  2.1550	  1.8235	  0.3934	 -0.1065	  0.0000
  2.3208	  1.8235	 -0.4144	 -0.9971	  0.0000
  2.4865	  1.8235	 -0.4623	 -0.8573	  0.0000
  2.6523	  1.8235	 -0.5525	 -1.1129	  0.0000
  2.8181	  1.8235	 -0.1429	  0.1350	  1.0000
  2.9838	  1.8235	 -0.1604	 -0.3680	  0.0000
  3.1496	  1.8235	 -0.1712	  0.0620	  0.0000
  3.3154	  1.8235	 -0.0531	  0.6532	  0.0000
  3.4811	  1.8235	  0.5139	  2.5058	  0.0000
  3.6469	  1.8235	  0.0062	 -0.0011	  0.0000
  3.8127	  1.8235	  0.0024	 -0.0272	  0.0000
  3.9785	  1.8235	  0.1176	  0.1492	  0.0000
  4.1442	  1.8235	  0.4625	  0.2465	  0.0000
  4.3100	  1.8235	  0.0816	 -0.0250	  0.0000
  4.4758	  1.8235	  0.0381	 -0.0711	  0.0000
  4.6415	  1.8235	 -0.0116	 -0.0883	  0.0000
  4.8073	  1.8235	 -0.3004	  0.3070	  0.0000
  4.9731	  1.8235	 -0.1989	  0.2449	  0.0000
  5.1388	  1.8235	  0.1085	 -0.1661	  0.0000
  5.3046	  1.8235	  0.2451	 -0.6071	  0.0000
  5.4704	  1.8235	  0.1750	  0.1600	  0.0000
  5.6361	  1.8235	 -0.0090	  0.2057	  0.0000
  5.8019	  1.8235	  0.4735	  3.9280	  0.0000
  5.9677	  1.8235	  0.0279	  0.0255	  0.0000
  6.1334	  1.8235	 -0.0053	  0.0180	  0.0000
  6.2992	  1.8235	 -0.0077	  0.0154	  0.0000
  6.4650	  1.8235	  0.0025	  0.0128	  0.0000
  0.1658	  1.6577	  0.1336	 -0.7096	  0.0000
  0.3315	  1.6577	 -0.2025	 -0.6209	  0.0000
  0.4973	  1.6577	  0.7151	 -0.1506	  1.0000
  0.6631	  1.6577	  5.7154	 -1.4284	  0.0000
  0.8288	  1.6577	  1.0660	  0.2327	  1.0000
  0.9946	  1.6577	  6.5741	  1.5804	  0.0000
  1.1604	  1.6577	 -0.0609	 -0.0701	  0.0000
  1.3262	  1.6577	 -0.0210	 -0.1004	  0.0000
  1.4919	  1.6577	 -0.0498	  0.1973	  0.0000
  1.6577	  1.6577	  0.1118	  0.0962	  0.0000
  1.8235	  1.6577	 -0.0772	 -0.0514	  0.0000
  1.9892	  1.6577	 -0.6569	 -0.4527	  0.0000
  2.1550	  1.6577	 -0.1198	 -0.5086	  0.0000
  2.3208	  1.6577	 -0.1474	 -0.1909	  0.0000
  2.4865	  1.6577	 -0.0613	 -0.1061	  0.0000
  2.6523	  1.6577	 -0.2109	 -0.1332	  0.0000
  2.8181	  1.6577	  1.5374	  7.9137	  0.0000
  2.9838	  1.6577	 -0.3882	 -0.2079	  0.0000
  3.1496	  1.6577	 -0.0835	 -0.0567	  0.0000
  3.3154	  1.6577	 -0.4138	  0.0229	  0.0000
  3.4811	  1.6577	 -0.0589	 -0.0867	  1.0000
  3.6469	  1.6577	  0.0016	  0.0577	  0.0000
  3.8127	  1.6577	 -0.0017	  0.0475	  0.0000
  3.9785	  1.6577	 -0.3679	  0.2730	  0.0000
  4.1442	  1.6577	  0.2293	 -0.0018	  0.0000
  4.3100	  1.6577	 -0.0048	 -0.0957	  0.0000
  4.4758	  1.6577	  0.1056	 -0.1178	  0.0000
  4.6415	  1.6577	  0.6805	 -0.0954	  0.0000
  4.8073	  1.6577	  0.2642	  0.0941	  0.0000
  4.9731	  1.6577	 -0.1601	  0.3011	  0.0000
  5.1388	  1.6577	 -0.0323	 -0.3669	  0.0000
  5.3046	  1.6577	  0.1342	 -0.3252	  0.0000
  5.4704	  1.6577	  0.1901	  0.1249	  0.0000
  5.6361	  1.6577	 -0.0239	  0.1028	  0.0000
  5.8019	  1.6577	  0.0894	  0.0386	  0.0000
  5.9677	  1.6577	  0.0341	  0.0174	  0.0000
  6.1334	  1.6577	 -0.0026	  0.0159	  0.0000
  6.2992	  1.6577	  0.0097	  0.0040	  0.0000
  6.4650	  1.6577	  0.0064	  0.0132	  0.0000
  0.1658	  1.4919	 -0.0316	 -0.4154	  0.0000
  0.3315	  1.4919	 -0.2171	 -0.2780	  0.0000
  0.4973	  1.4919	 -0.0181	  0.0792	  0.0000
  0.6631	  1.4919	  0.9422	  2.4782	  0.0000
  0.8288	  1.4919	  6.2105	 -4.3742	  0.0000
  0.9946	  1.4919	  0.9607	  0.3291	  1.0000
  1.1604	  1.4919	  0.2091	 -0.0136	  0.0000
  1.3262	  1.4919	  0.1974	 -0.1129	  0.0000
  1.4919	  1.4919	 -0.0566	 -0.0012	  0.0000
  1.6577	  1.4919	  0.0049	 -1.7534	  0.0000
  1.8235	  1.4919	  0.0127	 -1.7092	  0.0000
  1.9892	  1.4919	 -0.1115	  0.0112	  0.0000
  2.1550	  1.4919	 -0.2285	 -0.0818	  0.0000
  2.3208	  1.4919	 -0.5249	 -0.0060	  0.0000
  2.4865	  1.4919	 -0.0863	  0.0066	  0.0000
  2.6523	  1.4919	 -0.0804	 -0.0644	  0.0000
  2.8181	  1.4919	 -0.7668	 -0.4012	  0.0000
  2.9838	  1.4919	 -0.4744	 -0.1850	  0.0000
  3.1496	  1.4919	 -0.3174	 -0.0926	  0.0000
  3.3154	  1.4919	  0.1379	  0.0855	  1.0000
  3.4811	  1.4919	  5.7825	  1.4962	  0.0000
  3.6469	  1.4919	  0.0071	  0.1093	  0.0000
  3.8127	  1.4919	  0.0040	  0.1349	  0.0000
  3.9785	  1.4919	 -0.3859	  0.4333	  0.0000
  4.1442	  1.4919	 -0.0040	  0.0791	  0.0000
  4.3100	  1.4919	 -0.0449	  0.0516	  0.0000
  4.4758	  1.4919	  0.0325	  0.0485	  0.0000
  4.6415	  1.4919	  0.2613	 -0.0110	  0.0000
  4.8073	  1.4919	  0.1123	  0.0811	  0.0000
  4.9731	  1.4919	  0.0269	  0.2719	  1.0000
  5.1388	  1.4919	 -0.0180	  1.0106	  0.0000
  5.3046	  1.4919	  0.0103	  3.1509	  0.0000
  5.4704	  1.4919	 -0.0491	  0.1670	  0.0000
  5.6361	  1.4919	 -0.0138	  0.0315	  0.0000
  5.8019	  1.4919	  0.0007	 -0.0086	  0.0000
  5.9677	  1.4919	  0.0010	  0.0222	  0.0000
  6.1334	  1.4919	 -0.0037	  0.0280	  0.0000
  6.2992	  1.4919	  0.0033	  0.0120	  0.0000
  6.4650	  1.4919	  0.0045	  0.0109	  0.0000
  0.1658	  1.3262	 -0.0489	  0.0723	  0.0000
  0.3315	  1.3262	 -0.0868	 -0.0006	  0.0000
  0.4973	  1.3262	  1.0168	  0.3232	  1.0000
  0.6631	  1.3262	  1.1859	  2.2298	  0.0000
  0.8288	  1.3262	  0.9340	  2.3985	  0.0000
  0.9946	  1.3262	 -0.0083	  2.2365	  0.0000
  1.1604	  1.3262	  0.3739	  0.0328	  0.0000
  1.3262	  1.3262	  0.1993	  0.1798	  0.0000
  1.4919	  1.3262	 -0.0514	  0.7451	  0.0000
  1.6577	  1.3262	 -0.1713	  0.0423	  0.0000
  1.8235	  1.3262	  0.0911	  0.1540	  0.0000
  1.9892	  1.3262	  0.1926	  0.3529	  0.0000
  2.1550	  1.3262	 -0.2896	 -0.1967	  0.0000
  2.3208	  1.3262	 -7.7065	  6.2891	  0.0000
  2.4865	  1.3262	 -0.0201	  0.0278	  0.0000
  2.6523	  1.3262	 -0.1748	 -0.1122	  0.0000
  2.8181	  1.3262	 -0.2455	 -0.4252	  0.0000
  2.9838	  1.3262	 -0.1536	  0.3195	  0.0000
  3.1496	  1.3262	 -0.2566	  0.0571	  0.0000
  3.3154	  1.3262	 -2.5383	 -5.6938	  0.0000
  3.4811	  1.3262	 -4.6176	 -3.0563	  0.0000
  3.6469	  1.3262	  0.0105	  0.0627	  0.0000
  3.8127	  1.3262	  0.0118	  0.1224	  0.0000
  3.9785	  1.3262	  0.1292	  0.5238	  0.0000
  4.1442	  1.3262	 -0.0103	  0.1458	  0.0000
  4.3100	  1.3262	 -0.0194	  0.1597	  0.0000
  4.4758	  1.3262	 -0.0104	  0.0828	  0.0000
  4.6415	  1.3262	  0.0620	 -0.0137	  0.0000
  4.8073	  1.3262	 -0.2118	  0.0695	  0.0000
  4.9731	  1.3262	 -0.0964	  0.0919	  0.0000
  5.1388	  1.3262	  0.0104	  0.3553	  1.0000
  5.3046	  1.3262	  0.0064	  0.7619	  0.0000
  5.4704	  1.3262	 -0.0504	  0.1550	  0.0000
  5.6361	  1.3262	  0.0039	 -0.0288	  0.0000
  5.8019	  1.3262	  0.0144	 -0.0167	  0.0000
  5.9677	  1.3262	  0.0122	  0.0093	  0.0000
  6.1334	  1.3262	  0.0074	  0.0124	  0.0000
  6.2992	  1.3262	  0.0045	  0.0019	  0.0000
  6.4650	  1.3262	  0.0010	 -0.0145	  0.0000
  0.1658	  1.1604	 -0.0053	 -0.0114	  0.0000
  0.3315	  1.1604	  0.0139	  0.0736	  0.0000
  0.4973	  1.1604	 -0.0374	  0.8158	  0.0000
  0.6631	  1.1604	  0.8418	  0.2352	  1.0000
  0.8288	  1.1604	  0.8880	  0.1654	  1.0000
  0.9946	  1.1604	  0.5097	  0.5035	  1.0000
  1.1604	  1.1604	 -1.9493	 -0.1532	  0.0000
  1.3262	  1.1604	 -1.8755	  1.8530	  0.0000
  1.4919	  1.1604	 -1.2345	  0.4424	  1.0000
  1.6577	  1.1604	 -3.2700	  4.3445	  0.0000
  1.8235	  1.1604	  1.4688	  0.1615	  0.0000
  1.9892	  1.1604	 -0.0749	  0.0580	  0.0000
  2.1550	  1.1604	 -0.2888	 -0.0203	  0.0000
  2.3208	  1.1604	 -0.5129	  0.4393	  1.0000
  2.4865	  1.1604	  0.5966	  1.9548	  0.0000
  2.6523	  1.1604	 -0.1005	  0.1272	  0.0000
  2.8181	  1.1604	 -0.0596	 -0.3126	  0.0000
  2.9838	  1.1604	  0.1437	  0.4540	  0.0000
  3.1496	  1.1604	  0.0476	  0.1000	  0.0000
  3.3154	  1.1604	  6.2342	  6.2959	  0.0000
  3.4811	  1.1604	  0.2302	 -0.4473	  1.0000
  3.6469	  1.1604	  0.0059	  0.0314	  0.0000
  3.8127	  1.1604	  0.0094	  0.0450	  0.0000
  3.9785	  1.1604	 -0.0101	  0.6362	  0.0000
  4.1442	  1.1604	  0.0287	  0.1721	  0.0000
  4.3100	  1.1604	  0.0244	  0.7231	  0.0000
  4.4758	  1.1604	 -0.0497	 -0.0221	  0.0000
  4.6415	  1.1604	 -0.0190	 -0.0579	  0.0000
  4.8073	  1.1604	 -0.0770	  0.0947	  0.0000
  4.9731	  1.1604	 -0.1188	  0.5553	  0.0000
  5.1388	  1.1604	  0.0002	  0.3952	  1.0000
  5.3046	  1.1604	  0.0367	  0.7410	  0.0000
  5.4704	  1.1604	  0.0378	  0.1153	  0.0000
  5.6361	  1.1604	  0.0072	  0.0168	  0.0000
  5.8019	  1.1604	  0.0402	 -0.0284	  0.0000
  5.9677	  1.1604	  0.0255	 -0.0742	  0.0000
  6.1334	  1.1604	  0.0018	 -0.0275	  0.0000
  6.2992	  1.1604	 -0.0040	  0.0284	  0.0000
  6.4650	  1.1604	 -0.0041	 -0.0056	  0.0000
  0.1658	  0.9946	  0.0211	  6.0837	  0.0000
  0.3315	  0.9946	 -0.0005	 -0.0221	  0.0000
  0.4973	  0.9946	 -0.0646	  0.0597	  0.0000
  0.6631	  0.9946	  0.5118	  0.1226	  1.0000
  0.8288	  0.9946	  5.9252	  0.7929	  0.0000
  0.9946	  0.9946	  0.8825	 -0.7213	  0.0000
  1.1604	  0.9946	  2.0105	 -1.7831	  0.0000
  1.3262	  0.9946	 -5.5447	  0.0562	  0.0000
  1.4919	  0.9946	 -2.7205	  2.4251	  0.0000
  1.6577	  0.9946	 -1.6469	  1.1282	  1.0000
  1.8235	  0.9946	 -1.5971	  0.5570	  1.0000
  1.9892	  0.9946	 -0.1859	 -0.0372	  0.0000
  2.1550	  0.9946	 -0.2789	 -0.0211	  0.0000
  2.3208	  0.9946	 -0.8653	 -0.6083	  0.0000
  2.4865	  0.9946	  1.4156	  3.5992	  0.0000
  2.6523	  0.9946	  0.1625	  0.3577	  0.0000
  2.8181	  0.9946	 -0.2559	  0.1715	  1.0000
  2.9838	  0.9946	  0.9599	  1.3606	  0.0000
  3.1496	  0.9946	  0.0921	  0.0982	  0.0000
  3.3154	  0.9946	 -0.0330	 -6.2403	  0.0000
  3.4811	  0.9946	 -0.0906	 -0.9315	  1.0000
  3.6469	  0.9946	  0.0187	  0.0730	  0.0000
  3.8127	  0.9946	  0.0142	  0.0381	  0.0000
  3.9785	  0.9946	 -0.1452	  3.7439	  0.0000
  4.1442	  0.9946	 -0.0803	  0.1251	  0.0000
  4.3100	  0.9946	 -0.3587	  0.1738	  0.0000
  4.4758	  0.9946	 -0.2782	  0.0207	  0.0000
  4.6415	  0.9946	 -0.1436	  0.1711	  0.0000
  4.8073	  0.9946	 -0.0799	  0.2134	  0.0000
  4.9731	  0.9946	 -0.0895	  0.1000	  0.0000
  5.1388	  0.9946	  0.1654	  0.4028	  1.0000
  5.3046	  0.9946	  0.1716	  0.3338	  1.0000
  5.4704	  0.9946	  0.0887	 -0.0130	  0.0000
  5.6361	  0.9946	  0.0011	 -0.0372	  0.0000
  5.8019	  0.9946	 -0.0508	  0.0399	  0.0000
  5.9677	  0.9946	 -0.0793	 -0.1238	  0.0000
  6.1334	  0.9946	 -0.0208	 -0.0191	  0.0000
  6.2992	  0.9946	 -0.0122	  0.0915	  0.0000
  6.4650	  0.9946	 -0.0104	  0.0263	  0.0000
  0.1658	  0.8288	 -0.0674	  0.5140	  1.0000
  0.3315	  0.8288	 -0.1944	 -0.1176	  0.0000
  0.4973	  0.8288	 -0.0587	 -0.1627	  0.0000
  0.6631	  0.8288	  0.2127	 -0.1989	  0.0000
  0.8288	  0.8288	  0.4165	 -0.5931	  0.0000
  0.9946	  0.8288	  0.2731	 -0.5392	  0.0000
  1.1604	  0.8288	  0.0258	 -0.1730	  0.0000
  1.3262	  0.8288	 -1.5413	  7.6487	  0.0000
  1.4919	  0.8288	 -7.0876	 -0.1065	  0.0000
  1.6577	  0.8288	 -6.8324	 -1.9817	  0.0000
  1.8235	  0.8288	  0.1244	 -0.9223	  0.0000
  1.9892	  0.8288	 -1.4471	 -0.2324	  0.0000
  2.1550	  0.8288	 -0.6729	 -0.4536	  0.0000
  2.3208	  0.8288	 -1.1338	 -0.4669	  0.0000
  2.4865	  0.8288	 -0.1651	  0.0777	  0.0000
  2.6523	  0.8288	 -0.2418	 -0.0188	  0.0000
  2.8181	  0.8288	 -0.8801	  0.1689	  1.0000
  2.9838	  0.8288	  0.0749	  0.1528	  0.0000
  3.1496	  0.8288	 -0.1192	  0.0887	  0.0000
  3.3154	  0.8288	 -0.0254	 -4.6308	  0.0000
  3.4811	  0.8288	  1.1127	  1.0780	  0.0000
  3.6469	  0.8288	  0.0252	  0.0014	  0.0000
  3.8127	  0.8288	  0.0015	 -0.0157	  0.0000
  3.9785	  0.8288	  4.1938	 -3.1019	  0.0000
  4.1442	  0.8288	 -0.1249	 -0.0625	  0.0000
  4.3100	  0.8288	 -0.5505	 -0.1140	  0.0000
  4.4758	  0.8288	 -0.0837	 -0.0757	  0.0000
  4.6415	  0.8288	 -0.0543	  0.0613	  0.0000
  4.8073	  0.8288	 -0.2009	  0.1352	  0.0000
  4.9731	  0.8288	  0.0246	  0.4319	  0.0000
  5.1388	  0.8288	  0.2079	  0.3802	  1.0000
  5.3046	  0.8288	  0.0700	 -0.2533	  0.0000
  5.4704	  0.8288	  0.0330	  0.1309	  0.0000
  5.6361	  0.8288	 -0.0159	  0.1421	  0.0000
  5.8019	  0.8288	  0.0092	  0.1992	  0.0000
  5.9677	  0.8288	 -0.0623	  0.1700	  0.0000
  6.1334	  0.8288	  0.0168	  0.0082	  0.0000
  6.2992	  0.8288	  0.1121	  0.1232	  0.0000
  6.4650	  0.8288	 -0.0059	  0.0136	  0.0000
  0.1658	  0.6631	 -0.0268	  0.4621	  0.0000
  0.3315	  0.6631	 -0.3329	  0.0083	  0.0000
  0.4973	  0.6631	 -0.0272	 -0.1557	  0.0000
  0.6631	  0.6631	  0.0816	 -0.2326	  0.0000
  0.8288	  0.6631	 -0.5607	 -3.6837	  0.0000
  0.9946	  0.6631	  0.4843	 -0.4941	  0.0000
  1.1604	  0.6631	  0.0274	 -0.1809	  0.0000
  1.3262	  0.6631	  5.8498	  3.8751	  0.0000
  1.4919	  0.6631	 -7.6647	  0.8523	  0.0000
  1.6577	  0.6631	 -1.5773	  6.6524	  0.0000
  1.8235	  0.6631	 -2.6623	  0.3464	  0.0000
  1.9892	  0.6631	 -1.9121	 -0.3895	  0.0000
  2.1550	  0.6631	 -0.1391	  0.0241	  0.0000
  2.3208	  0.6631	 -0.6224	  0.1934	  0.0000
  2.4865	  0.6631	 -6.1484	 -0.1133	  0.0000
  2.6523	  0.6631	 -0.6705	 -0.1349	  0.0000
  2.8181	  0.6631	 -0.1699	  0.4104	  0.0000
  2.9838	  0.6631	 -0.0692	  0.1082	  0.0000
  3.1496	  0.6631	 -0.1598	 -4.2307	  0.0000
  3.3154	  0.6631	 -2.2608	 -6.3690	  0.0000
  3.4811	  0.6631	 -0.0031	  0.2360	  0.0000
  3.6469	  0.6631	  0.0162	 -0.0076	  0.0000
  3.8127	  0.6631	  0.0056	  0.0315	  0.0000
  3.9785	  0.6631	  2.0928	  7.4586	  0.0000
  4.1442	  0.6631	 -0.0079	 -0.0135	  0.0000
  4.3100	  0.6631	 -0.1097	 -0.2583	  0.0000
  4.4758	  0.6631	 -0.2589	  0.3519	  1.0000
  4.6415	  0.6631	  3.4593	  5.2926	  0.0000
  4.8073	  0.6631	  0.3856	  1.4034	  0.0000
  4.9731	  0.6631	  2.0211	  1.6818	  0.0000
  5.1388	  0.6631	  1.8712	  1.6569	  0.0000
  5.3046	  0.6631	 -0.0150	  0.0553	  0.0000
  5.4704	  0.6631	 -0.0473	  0.0650	  0.0000
  5.6361	  0.6631	 -0.0248	  0.0964	  0.0000
  5.8019	  0.6631	  0.0714	  0.1245	  0.0000
  5.9677	  0.6631	 -4.2535	 -0.0816	  0.0000
  6.1334	  0.6631	 -0.1374	  0.0443	  0.0000
  6.2992	  0.6631	  0.5268	  0.0576	  0.0000
  6.4650	  0.6631	 -0.0055	 -0.0206	  0.0000
  0.1658	  0.4973	 -0.0416	  0.2102	  0.0000
  0.3315	  0.4973	 -0.1968	  0.0233	  0.0000
  0.4973	  0.4973	  0.0079	 -0.0708	  0.0000
  0.6631	  0.4973	 -0.7142	 -0.1671	  0.0000
  0.8288	  0.4973	 -0.0823	 -0.0909	  0.0000
  0.9946	  0.4973	  0.1556	 -0.0514	  0.0000
  1.1604	  0.4973	  1.8276	 -0.0185	  0.0000
  1.3262	  0.4973	  0.2311	  7.0859	  0.0000
  1.4919	  0.4973	 -1.1173	  7.1002	  0.0000
  1.6577	  0.4973	 -0.9432	  0.5462	  0.0000
  1.8235	  0.4973	 -3.0295	 -0.3885	  0.0000
  1.9892	  0.4973	 -1.0529	  0.1139	  1.0000
  2.1550	  0.4973	  0.1399	  0.0558	  0.0000
  2.3208	  0.4973	 -1.1340	 -0.1066	  1.0000
  2.4865	  0.4973	 -6.3912	  0.0418	  0.0000
  2.6523	  0.4973	 -4.4885	 -0.0325	  0.0000
  2.8181	  0.4973	 -0.1321	  0.2677	  0.0000
  2.9838	  0.4973	 -4.8179	 -0.2185	  0.0000
  3.1496	  0.4973	 -0.6259	 -0.2548	  0.0000
  3.3154	  0.4973	 -0.1131	 -4.2710	  0.0000
  3.4811	  0.4973	 -0.0044	 -3.1975	  0.0000
  3.6469	  0.4973	  0.0149	  0.0125	  0.0000
  3.8127	  0.4973	  0.0068	  0.0536	  0.0000
  3.9785	  0.4973	 -6.4019	 -0.1954	  0.0000
  4.1442	  0.4973	 -2.7538	  4.9439	  0.0000
  4.3100	  0.4973	 -0.0521	  0.4594	  1.0000
  4.4758	  0.4973	 -7.1186	  0.1535	  0.0000
  4.6415	  0.4973	  0.0256	  0.0285	  0.0000
  4.8073	  0.4973	  0.1151	  0.0415	  0.0000
  4.9731	  0.4973	  0.3535	  0.4596	  1.0000
  5.1388	  0.4973	  0.2187	  0.2594	  1.0000
  5.3046	  0.4973	 -0.0080	  0.0668	  0.0000
  5.4704	  0.4973	  0.0215	  0.0423	  0.0000
  5.6361	  0.4973	 -0.0082	  0.0226	  0.0000
  5.8019	  0.4973	  0.0332	  0.1189	  0.0000
  5.9677	  0.4973	 -4.8252	  0.0769	  0.0000
  6.1334	  0.4973	 -0.4455	  0.1644	  1.0000
  6.2992	  0.4973	 -0.0328	  0.4171	  0.0000
  6.4650	  0.4973	 -0.0030	  0.0255	  0.0000
  0.1658	  0.3315	 -0.0467	  0.2254	  0.0000
  0.3315	  0.3315	 -0.0703	  0.1009	  0.0000
  0.4973	  0.3315	 -0.0006	  0.0348	  0.0000
  0.6631	  0.3315	 -0.1920	 -0.0526	  0.0000
  0.8288	  0.3315	 -0.0483	 -0.0404	  0.0000
  0.9946	  0.3315	  0.0576	 -0.0208	  0.0000
  1.1604	  0.3315	  0.6772	  0.0947	  0.0000
  1.3262	  0.3315	 -4.8064	  2.0056	  0.0000
  1.4919	  0.3315	 -5.0124	  1.0195	  0.0000
  1.6577	  0.3315	 -0.0765	  0.0212	  0.0000
  1.8235	  0.3315	 -0.0536	 -0.0038	  0.0000
  1.9892	  0.3315	 -0.0238	 -0.1019	  0.0000
  2.1550	  0.3315	 -1.3066	 -0.0217	  1.0000
  2.3208	  0.3315	 -1.2345	 -0.0786	  1.0000
  2.4865	  0.3315	  0.1114	 -0.0827	  0.0000
  2.6523	  0.3315	  0.2899	 -0.0697	  0.0000
  2.8181	  0.3315	 -1.4620	 -0.7652	  1.0000
  2.9838	  0.3315	 -2.9286	 -0.4365	  0.0000
  3.1496	  0.3315	 -0.7495	 -0.3371	  0.0000
  3.3154	  0.3315	 -0.0007	  0.1206	  0.0000
  3.4811	  0.3315	  0.0026	 -0.0897	  0.0000
  3.6469	  0.3315	  0.0037	 -0.1114	  0.0000
  3.8127	  0.3315	  0.0004	  0.0214	  0.0000
  3.9785	  0.3315	  0.4022	  0.0785	  0.0000
  4.1442	  0.3315	  1.8317	  0.0662	  0.0000
  4.3100	  0.3315	  0.2162	 -4.4360	  0.0000
  4.4758	  0.3315	 -0.2815	  0.0612	  0.0000
  4.6415	  0.3315	 -0.0325	  0.0539	  0.0000
  4.8073	  0.3315	  0.0642	  0.0001	  0.0000
  4.9731	  0.3315	  0.2138	 -0.0296	  0.0000
  5.1388	  0.3315	  0.0602	 -0.0067	  0.0000
  5.3046	  0.3315	  0.0040	  0.0617	  0.0000
  5.4704	  0.3315	  0.0065	  0.0749	  0.0000
  5.6361	  0.3315	  0.0006	  0.0381	  0.0000
  5.8019	  0.3315	 -0.0251	  0.0341	  0.0000
  5.9677	  0.3315	 -0.5613	  0.1878	  1.0000
  6.1334	  0.3315	 -0.4113	  1.9041	  0.0000
  6.2992	  0.3315	 -0.0577	  0.0246	  0.0000
  6.4650	  0.3315	 -0.0009	 -0.0056	  0.0000
  0.1658	  0.1658	 -0.0264	  0.2544	  0.0000
  0.3315	  0.1658	 -0.0455	  0.2194	  0.0000
  0.4973	  0.1658	 -0.0877	  0.0464	  0.0000
  0.6631	  0.1658	 -0.1227	 -0.0550	  0.0000
  0.8288	  0.1658	 -0.0472	 -0.0626	  0.0000
  0.9946	  0.1658	  0.0062	 -0.0660	  0.0000
  1.1604	  0.1658	  0.1541	  0.0047	  0.0000
  1.3262	  0.1658	 -0.2188	  0.3388	  0.0000
  1.4919	  0.1658	 -4.4126	  0.4093	  0.0000
  1.6577	  0.1658	 -0.0803	  0.0385	  0.0000
  1.8235	  0.1658	 -0.0314	 -0.0065	  0.0000
  1.9892	  0.1658	 -0.6298	  0.0052	  1.0000
  2.1550	  0.1658	 -0.0074	 -0.0362	  0.0000
  2.3208	  0.1658	 -0.0411	  0.0408	  0.0000
  2.4865	  0.1658	 -0.0207	  0.0739	  0.0000
  2.6523	  0.1658	  0.5346	 -0.9530	  0.0000
  2.8181	  0.1658	 -0.0395	 -4.0919	  0.0000
  2.9838	  0.1658	  0.0761	 -4.4730	  0.0000
  3.1496	  0.1658	 -1.3783	 -0.0129	  0.0000
  3.3154	  0.1658	 -0.6807	  0.0157	  0.0000
  3.4811	  0.1658	  0.0082	 -0.0408	  0.0000
  3.6469	  0.1658	  0.0012	 -0.1177	  0.0000
  3.8127	  0.1658	  0.0088	 -0.0212	  0.0000
  3.9785	  0.1658	  0.5201	  0.1084	  0.0000
  4.1442	  0.1658	  0.1460	  0.1142	  0.0000
  4.3100	  0.1658	  3.6828	  0.7866	  0.0000
  4.4758	  0.1658	 -0.0058	 -0.1719	  0.0000
  4.6415	  0.1658	 -0.0362	 -0.1049	  0.0000
  4.8073	  0.1658	  0.0528	 -0.0635	  0.0000
  4.9731	  0.1658	  0.0134	 -0.0393	  0.0000
  5.1388	  0.1658	  0.0294	 -0.0441	  0.0000
  5.3046	  0.1658	 -0.0184	 -0.0385	  0.0000
  5.4704	  0.1658	 -0.0223	  0.0134	  0.0000
  5.6361	  0.1658	 -0.0019	  0.0069	  0.0000
  5.8019	  0.1658	 -0.0683	  0.0044	  0.0000
  5.9677	  0.1658	 -0.4940	  0.2343	  1.0000
  6.1334	  0.1658	 -0.4939	  0.2315	  1.0000
  6.2992	  0.1658	 -0.0164	  0.0418	  0.0000
  6.4650	  0.1658	 -0.0047	  0.0056	  0.0000
