# x	y	u	v	mask
  0.2072	  4.7244	  2.2843	 -2.0867	  0.0000
  0.4559	  4.7244	  1.9929	 -1.9767	  0.0000
  0.7045	  4.7244	  2.0050	 -2.0139	  0.0000
  0.9532	  4.7244	  2.0214	 -2.0320	  0.0000
  1.2018	  4.7244	  2.0549	 -2.0133	  0.0000
  1.4505	  4.7244	  1.9569	 -2.0312	  0.0000
  1.6991	  4.7244	  2.2914	 -2.0282	  0.0000
  1.9478	  4.7244	  0.0780	 -0.0721	  0.0000
  2.1964	  4.7244	  0.0427	 -0.0793	  0.0000
  2.4451	  4.7244	  1.8768	 -1.9900	  0.0000
  2.6937	  4.7244	  0.0463	 -0.0972	  0.0000
  2.9424	  4.7244	 -0.0003	 -0.0736	  0.0000
  3.1910	  4.7244	  2.0734	 -2.0111	  0.0000
  3.4397	  4.7244	  0.0383	 -0.0456	  0.0000
  3.6884	  4.7244	  0.1420	 -0.3135	  1.0000
  3.9370	  4.7244	 -0.1126	 -1.9389	  0.0000
  4.1857	  4.7244	 -0.0575	 -0.1766	  0.0000
  4.4343	  4.7244	 -0.0553	 -0.2000	  0.0000
  4.6830	  4.7244	 -2.1146	 -2.0244	  0.0000
  4.9316	  4.7244	  0.5598	 -1.9110	  0.0000
  5.1803	  4.7244	 -2.0613	 -2.0148	  0.0000
  5.4289	  4.7244	 -2.0522	 -1.9806	  0.0000
  5.6776	  4.7244	 -2.0324	 -2.0226	  0.0000
  5.9262	  4.7244	 -1.9805	 -1.9877	  0.0000
  6.1749	  4.7244	 -2.0494	 -2.0411	  0.0000
  6.4235	  4.7244	 -1.8888	 -2.2655	  0.0000
  0.2072	  4.4758	  1.9761	 -1.9927	  0.0000
  0.4559	  4.4758	  2.0685	 -0.0701	  0.0000
  0.7045	  4.4758	  1.9772	 -0.1257	  0.0000
  0.9532	  4.4758	  2.0687	 -0.5137	  0.0000
  1.2018	  4.4758	  1.9813	 -1.1869	  0.0000
  1.4505	  4.4758	  0.1155	 -0.0777	  0.0000
  1.6991	  4.4758	  0.1203	 -0.0765	  0.0000
  1.9478	  4.4758	  0.0138	 -0.0679	  0.0000
  2.1964	  4.4758	  0.0155	 -0.0557	  0.0000
  2.4451	  4.4758	  0.0013	 -0.0366	  0.0000
  2.6937	  4.4758	  0.0126	 -0.0187	  0.0000
  2.9424	  4.4758	 -0.0186	 -0.0079	  0.0000
  3.1910	  4.4758	  0.0206	 -0.0068	  0.0000
  3.4397	  4.4758	  0.0144	  0.0008	  0.0000
  3.6884	  4.4758	 -0.0054	 -0.1465	  0.0000
  3.9370	  4.4758	 -0.0061	 -0.1441	  0.0000
  4.1857	  4.4758	 -0.0033	 -0.0476	  0.0000
  4.4343	  4.4758	 -0.0204	 -0.0579	  0.0000
  4.6830	  4.4758	 -0.0724	 -0.0373	  0.0000
  4.9316	  4.4758	 -0.0350	 -0.0257	  0.0000
  5.1803	  4.4758	 -0.1715	 -0.0140	  0.0000
  5.4289	  4.4758	 -0.1224	 -0.0854	  0.0000
  5.6776	  4.4758	 -2.0601	 -1.9298	  0.0000
  5.9262	  4.4758	 -2.0332	 -2.0291	  0.0000
  6.1749	  4.4758	 -2.0327	 -2.0247	  0.0000
  6.4235	  4.4758	 -2.0754	 -2.0439	  0.0000
  0.2072	  4.2271	  2.0638	 -2.0518	  0.0000
  0.4559	  4.2271	  2.0412	 -0.2105	  0.0000
  0.7045	  4.2271	  2.0385	  0.3611	  0.0000
  0.9532	  4.2271	  2.0813	  0.7468	  0.0000
  1.2018	  4.2271	  0.2400	  0.0757	  0.0000
  1.4505	  4.2271	  0.1319	  0.1225	  0.0000
  1.6991	  4.2271	  0.1306	  0.1016	  0.0000
  1.9478	  4.2271	  0.1377	  0.0764	  0.0000
  2.1964	  4.2271	  0.0725	  0.0514	  0.0000
  2.4451	  4.2271	  0.0448	  0.0587	  0.0000
  2.6937	  4.2271	  0.0021	  0.0251	  0.0000
  2.9424	  4.2271	 -0.0233	  0.0154	  0.0000
  3.1910	  4.2271	  0.0113	  0.0378	  0.0000
  3.4397	  4.2271	  0.0080	  0.0234	  0.0000
  3.6884	  4.2271	 -0.0018	  0.0302	  0.0000
  3.9370	  4.2271	 -0.0029	  0.0293	  0.0000
  4.1857	  4.2271	  0.0117	  0.0069	  0.0000
  4.4343	  4.2271	 -0.0365	 -0.0024	  0.0000
  4.6830	  4.2271	 -0.0363	  0.0090	  0.0000
  4.9316	  4.2271	 -0.0621	  0.0183	  0.0000
  5.1803	  4.2271	 -0.0409	  0.0145	  0.0000
  5.4289	  4.2271	 -0.1362	 -0.0471	  0.0000
  5.6776	  4.2271	 -0.1204	 -0.0364	  0.0000
  5.9262	  4.2271	 -2.0800	 -0.7842	  0.0000
  6.1749	  4.2271	 -1.9963	 -1.3151	  0.0000
  6.4235	  4.2271	 -2.0421	 -1.9405	  0.0000
  0.2072	  3.9785	  1.9938	 -1.9915	  0.0000
  0.4559	  3.9785	  2.0338	 -2.0092	  0.0000
  0.7045	  3.9785	  1.8674	 -2.0124	  0.0000
  0.9532	  3.9785	 -0.5921	 -1.8790	  0.0000
  1.2018	  3.9785	  0.0645	 -0.0970	  0.0000
  1.4505	  3.9785	 -0.0489	 -0.1621	  0.0000
  1.6991	  3.9785	 -0.1599	  0.0088	  0.0000
  1.9478	  3.9785	  0.1014	  0.4180	  0.0000
  2.1964	  3.9785	 -0.1753	 -0.2846	  0.0000
  2.4451	  3.9785	 -0.1675	 -0.1992	  0.0000
  2.6937	  3.9785	  0.0186	  0.0091	  0.0000
  2.9424	  3.9785	 -0.1100	  0.0150	  0.0000
  3.1910	  3.9785	 -0.2244	  2.0922	  0.0000
  3.4397	  3.9785	  1.4668	  1.8204	  0.0000
  3.6884	  3.9785	  0.0829	  1.4253	  0.0000
  3.9370	  3.9785	  0.0286	  0.5838	  0.0000
  4.1857	  3.9785	  1.9067	  1.9113	  0.0000
  4.4343	  3.9785	  0.4619	  1.9831	  0.0000
  4.6830	  3.9785	 -0.6116	  1.8585	  0.0000
  4.9316	  3.9785	 -1.9827	  1.8423	  0.0000
  5.1803	  3.9785	 -0.0428	  0.1777	  0.0000
  5.4289	  3.9785	 -1.9783	  0.6094	  0.0000
  5.6776	  3.9785	 -0.1912	  0.1003	  0.0000
  5.9262	  3.9785	 -2.1059	  0.6584	  0.0000
  6.1749	  3.9785	 -1.9734	  0.0537	  0.0000
  6.4235	  3.9785	 -2.0181	 -0.1340	  0.0000
  0.2072	  3.7298	  1.9645	 -1.9241	  0.0000
  0.4559	  3.7298	  1.1096	 -1.8399	  0.0000
  0.7045	  3.7298	 -1.8516	 -1.8341	  0.0000
  0.9532	  3.7298	  1.9059	 -1.8249	  0.0000
  1.2018	  3.7298	 -1.8490	 -1.8795	  0.0000
  1.4505	  3.7298	  1.6211	 -1.7132	  0.0000
  1.6991	  3.7298	 -0.4773	 -1.9553	  0.0000
  1.9478	  3.7298	 -1.9794	 -1.9795	  0.0000
  2.1964	  3.7298	 -0.1391	 -0.1317	  0.0000
  2.4451	  3.7298	 -0.1903	 -0.1132	  0.0000
  2.6937	  3.7298	  3.0305	 -2.0675	  0.0000
  2.9424	  3.7298	 -0.0283	 -0.2010	  0.0000
  3.1910	  3.7298	  0.0410	 -0.2271	  0.0000
  3.4397	  3.7298	  0.0076	 -0.1366	  0.0000
  3.6884	  3.7298	  0.0020	  0.0321	  0.0000
  3.9370	  3.7298	 -0.0283	  0.0938	  0.0000
  4.1857	  3.7298	 -1.4339	 -1.9324	  0.0000
  4.4343	  3.7298	  0.0278	 -0.0400	  0.0000
  4.6830	  3.7298	 -0.0266	 -0.1297	  0.0000
  4.9316	  3.7298	 -0.0964	 -0.0374	  0.0000
  5.1803	  3.7298	  0.0075	 -0.0360	  0.0000
  5.4289	  3.7298	  0.0885	 -0.0946	  0.0000
  5.6776	  3.7298	 -0.0036	 -0.0367	  0.0000
  5.9262	  3.7298	  1.2489	 -0.3647	  0.0000
  6.1749	  3.7298	  0.0019	  0.0058	  0.0000
  6.4235	  3.7298	 -2.1650	 -2.5967	  0.0000
  0.2072	  3.4811	  2.2468	 -2.0839	  0.0000
  0.4559	  3.4811	  0.3105	 -1.8729	  0.0000
  0.7045	  3.4811	 -1.8334	 -1.9394	  0.0000
  0.9532	  3.4811	 -0.1739	  0.6030	  0.0000
  1.2018	  3.4811	  0.1157	  0.4926	  0.0000
  1.4505	  3.4811	  0.5487	  0.0384	  0.0000
  1.6991	  3.4811	 -0.0154	  0.2310	  0.0000
  1.9478	  3.4811	 -1.6804	 -0.3620	  0.0000
  2.1964	  3.4811	  0.1842	 -0.4161	  0.0000
  2.4451	  3.4811	 -0.0617	 -0.1846	  0.0000
  2.6937	  3.4811	  0.1575	 -0.4465	  0.0000
  2.9424	  3.4811	 -0.0214	 -0.3692	  0.0000
  3.1910	  3.4811	  0.0347	 -0.0535	  0.0000
  3.4397	  3.4811	 -0.0210	 -0.0072	  0.0000
  3.6884	  3.4811	  0.0025	 -0.0940	  0.0000
  3.9370	  3.4811	  0.0519	  0.2757	  1.0000
  4.1857	  3.4811	 -0.2418	 -0.5719	  0.0000
  4.4343	  3.4811	  0.1102	 -0.1300	  0.0000
  4.6830	  3.4811	  0.0093	 -0.0632	  0.0000
  4.9316	  3.4811	 -0.0849	  0.0717	  0.0000
  5.1803	  3.4811	  0.0037	  0.1753	  0.0000
  5.4289	  3.4811	  1.2406	 -1.8198	  0.0000
  5.6776	  3.4811	 -1.9343	 -1.8467	  0.0000
  5.9262	  3.4811	  0.5336	  0.2682	  0.0000
  6.1749	  3.4811	 -0.1309	  0.8102	  0.0000
  6.4235	  3.4811	  0.1974	 -1.8906	  0.0000
  0.2072	  3.2325	  1.9739	 -2.1835	  0.0000
  0.4559	  3.2325	  0.0662	 -0.0686	  0.0000
  0.7045	  3.2325	 -1.8278	  0.1059	  0.0000
  0.9532	  3.2325	 -1.4674	  0.1268	  0.0000
  1.2018	  3.2325	  0.4698	  0.0639	  0.0000
  1.4505	  3.2325	  0.0109	  0.0229	  0.0000
  1.6991	  3.2325	  0.0636	  0.0060	  0.0000
  1.9478	  3.2325	  0.5036	 -0.4520	  0.0000
  2.1964	  3.2325	  0.0125	 -0.3305	  0.0000
  2.4451	  3.2325	  0.0595	  0.2206	  0.0000
  2.6937	  3.2325	  0.0412	 -0.0149	  0.0000
  2.9424	  3.2325	  0.0022	  0.4211	  0.0000
  3.1910	  3.2325	 -0.0082	  0.1634	  0.0000
  3.4397	  3.2325	 -0.1778	  0.3750	  0.0000
  3.6884	  3.2325	  0.0205	  0.5744	  0.0000
  3.9370	  3.2325	 -0.5115	  0.0587	  0.0000
  4.1857	  3.2325	  0.0353	 -0.2479	  0.0000
  4.4343	  3.2325	  0.0569	  0.0196	  0.0000
  4.6830	  3.2325	 -0.0063	  0.0040	  0.0000
  4.9316	  3.2325	 -0.0162	  0.0019	  0.0000
  5.1803	  3.2325	 -0.5505	 -0.2775	  0.0000
  5.4289	  3.2325	  0.3440	 -1.2019	  0.0000
  5.6776	  3.2325	 -1.8197	 -1.8660	  0.0000
  5.9262	  3.2325	 -1.8506	 -1.9556	  0.0000
  6.1749	  3.2325	  0.0962	 -0.0110	  0.0000
  6.4235	  3.2325	  1.9481	 -1.9087	  0.0000
  0.2072	  2.9838	  2.2155	 -1.9918	  0.0000
  0.4559	  2.9838	  0.2310	  1.8809	  0.0000
  0.7045	  2.9838	 -1.8560	  1.8599	  0.0000
  0.9532	  2.9838	  4.7987	  0.5045	  0.0000
  1.2018	  2.9838	  0.7945	  0.1709	  0.0000
  1.4505	  2.9838	  0.2824	  0.2164	  0.0000
  1.6991	  2.9838	 -0.0982	 -0.1551	  0.0000
  1.9478	  2.9838	 -0.2657	 -0.2836	  0.0000
  2.1964	  2.9838	 -1.0011	 -1.1561	  0.0000
  2.4451	  2.9838	 -0.0462	 -0.0246	  0.0000
  2.6937	  2.9838	 -0.1002	  0.1340	  0.0000
  2.9424	  2.9838	 -0.0950	 -0.0439	  0.0000
  3.1910	  2.9838	 -3.0324	  2.3172	  0.0000
  3.4397	  2.9838	  0.5707	 -0.1067	  0.0000
  3.6884	  2.9838	 -0.2462	 -0.0897	  1.0000
  3.9370	  2.9838	 -0.8574	  1.0919	  0.0000
  4.1857	  2.9838	 -0.0382	  0.0788	  0.0000
  4.4343	  2.9838	  0.0638	 -0.0789	  0.0000
  4.6830	  2.9838	 -0.2897	  0.0135	  0.0000
  4.9316	  2.9838	 -0.5227	 -0.4805	  0.0000
  5.1803	  2.9838	 -0.7180	 -0.5662	  0.0000
  5.4289	  2.9838	  0.1652	  0.1231	  0.0000
  5.6776	  2.9838	 -1.8131	  1.8901	  0.0000
  5.9262	  2.9838	 -1.2144	  0.1884	  0.0000
  6.1749	  2.9838	  0.0096	  0.0563	  0.0000
  6.4235	  2.9838	  1.9416	 -1.9131	  0.0000
  0.2072	  2.7352	  2.3229	  0.3186	  0.0000
  0.4559	  2.7352	  0.4124	  0.9662	  1.0000
  0.7045	  2.7352	 -1.8794	  1.9261	  0.0000
  0.9532	  2.7352	  6.7509	  3.5457	  0.0000
  1.2018	  2.7352	  1.2927	  0.8603	  0.0000
  1.4505	  2.7352	  0.2747	 -0.0845	  0.0000
  1.6991	  2.7352	 -0.0754	  0.0451	  0.0000
  1.9478	  2.7352	 -0.0275	 -0.0749	  0.0000
  2.1964	  2.7352	 -0.1596	  0.0080	  0.0000
  2.4451	  2.7352	 -0.1606	 -0.0032	  0.0000
  2.6937	  2.7352	 -0.5494	  0.9220	  0.0000
  2.9424	  2.7352	 -0.6903	  0.8863	  0.0000
  3.1910	  2.7352	 -0.6618	 -1.4181	  0.0000
  3.4397	  2.7352	  0.1570	 -0.0963	  0.0000
  3.6884	  2.7352	  0.0308	  0.4175	  0.0000
  3.9370	  2.7352	 -1.5173	 -5.2014	  0.0000
  4.1857	  2.7352	  0.0991	  0.0403	  0.0000
  4.4343	  2.7352	  0.4296	  0.3684	  0.0000
  4.6830	  2.7352	  0.0949	  0.4596	  0.0000
  4.9316	  2.7352	  0.1741	 -0.2934	  0.0000
  5.1803	  2.7352	 -0.0240	 -0.2615	  0.0000
  5.4289	  2.7352	  0.3092	  0.1583	  0.0000
  5.6776	  2.7352	 -1.8197	 -1.8520	  0.0000
  5.9262	  2.7352	  0.3484	 -0.5311	  0.0000
  6.1749	  2.7352	  0.0583	  0.1153	  0.0000
  6.4235	  2.7352	  1.9627	 -1.9178	  0.0000
  0.2072	  2.4865	  2.1907	  0.1896	  0.0000
  0.4559	  2.4865	 -0.0839	  0.5530	  0.0000
  0.7045	  2.4865	 -1.8629	  1.5086	  0.0000
  0.9532	  2.4865	 -2.9777	  2.3258	  0.0000
  1.2018	  2.4865	  0.9362	 -1.9932	  0.0000
  1.4505	  2.4865	  0.1347	 -0.0483	  0.0000
  1.6991	  2.4865	 -0.1360	  0.1044	  0.0000
  1.9478	  2.4865	 -0.2047	  0.1802	  0.0000
  2.1964	  2.4865	 -0.3953	  0.4224	  0.0000
  2.4451	  2.4865	  0.2733	  0.1831	  0.0000
  2.6937	  2.4865	 -0.4411	  0.7434	  0.0000
  2.9424	  2.4865	 -0.8685	  0.8267	  0.0000
  3.1910	  2.4865	 -0.4387	 -0.0169	  0.0000
  3.4397	  2.4865	 -0.3727	  0.6159	  0.0000
  3.6884	  2.4865	  0.0265	  0.3640	  0.0000
  3.9370	  2.4865	  0.7085	 -0.1806	  1.0000
  4.1857	  2.4865	  0.2322	 -0.5304	  0.0000
  4.4343	  2.4865	  7.6876	 -6.9414	  0.0000
  4.6830	  2.4865	 -0.1279	 -0.1360	  0.0000
  4.9316	  2.4865	 -0.3744	 -0.0705	  0.0000
  5.1803	  2.4865	 -1.8579	 -0.0728	  0.0000
  5.4289	  2.4865	 -0.4891	 -0.0776	  1.0000
  5.6776	  2.4865	 -0.4395	 -0.1116	  1.0000
  5.9262	  2.4865	  0.0955	 -0.0290	  0.0000
  6.1749	  2.4865	  0.0626	 -0.0853	  0.0000
  6.4235	  2.4865	  2.0751	 -1.8486	  0.0000
  0.2072	  2.2379	 -1.1302	  1.1330	  1.0000
  0.4559	  2.2379	 -0.4639	  1.4471	  1.0000
  0.7045	  2.2379	 -1.8618	  1.8919	  0.0000
  0.9532	  2.2379	  2.7421	  3.2876	  0.0000
  1.2018	  2.2379	  1.5755	  0.2669	  0.0000
  1.4505	  2.2379	  0.2003	  0.0064	  0.0000
  1.6991	  2.2379	 -0.0555	  0.1758	  0.0000
  1.9478	  2.2379	 -0.4098	  0.0493	  0.0000
  2.1964	  2.2379	 -0.6576	  0.9272	  0.0000
  2.4451	  2.2379	 -0.7361	  0.2824	  1.0000
  2.6937	  2.2379	 -0.1478	  0.0005	  0.0000
  2.9424	  2.2379	  0.3557	  0.2421	  0.0000
  3.1910	  2.2379	 -0.4695	 -0.1700	  1.0000
  3.4397	  2.2379	  0.0674	  0.4874	  0.0000
  3.6884	  2.2379	 -0.0012	  0.0866	  0.0000
  3.9370	  2.2379	  0.1154	  0.5320	  0.0000
  4.1857	  2.2379	  7.7874	 -0.4467	  0.0000
  4.4343	  2.2379	  1.8688	  1.5288	  0.0000
  4.6830	  2.2379	  0.1925	  0.1570	  0.0000
  4.9316	  2.2379	 -0.2165	  0.0471	  0.0000
  5.1803	  2.2379	 -1.8604	  0.3826	  0.0000
  5.4289	  2.2379	  0.0874	 -0.1469	  0.0000
  5.6776	  2.2379	 -1.0749	 -0.3322	  0.0000
  5.9262	  2.2379	  0.2258	 -0.4106	  1.0000
  6.1749	  2.2379	  0.0651	  0.4952	  0.0000
  6.4235	  2.2379	  0.1470	 -0.1329	  0.0000
  0.2072	  1.9892	  1.4653	  0.6297	  0.0000
  0.4559	  1.9892	 -0.2066	  0.5822	  0.0000
  0.7045	  1.9892	 -9.4765	  2.0037	  0.0000
  0.9532	  1.9892	  3.5564	  2.2596	  0.0000
  1.2018	  1.9892	  0.1437	  0.0984	  0.0000
  1.4505	  1.9892	 -1.5828	 -5.0055	  0.0000
  1.6991	  1.9892	  0.2456	  0.2662	  0.0000
  1.9478	  1.9892	 -0.2913	  0.5031	  0.0000
  2.1964	  1.9892	 -2.0899	  2.3807	  0.0000
  2.4451	  1.9892	 -1.7413	 -0.9924	  0.0000
  2.6937	  1.9892	 -5.5912	  0.5232	  0.0000
  2.9424	  1.9892	 -0.1707	 -0.5478	  0.0000
  3.1910	  1.9892	  0.1636	  0.4615	  0.0000
  3.4397	  1.9892	  0.7492	  0.8174	  0.0000
  3.6884	  1.9892	  0.0066	 -0.1117	  0.0000
  3.9370	  1.9892	 -2.1916	  1.8504	  0.0000
  4.1857	  1.9892	  1.2597	  1.3534	  0.0000
  4.4343	  1.9892	  1.0905	 -0.3490	  0.0000
  4.6830	  1.9892	  0.5532	  0.2463	  0.0000
  4.9316	  1.9892	 -0.2787	  0.3693	  0.0000
  5.1803	  1.9892	  1.3374	 -1.1140	  0.0000
  5.4289	  1.9892	  0.0806	  0.2095	  1.0000
  5.6776	  1.9892	 -1.2652	  0.6526	  0.0000
  5.9262	  1.9892	 -1.0587	  0.4095	  0.0000
  6.1749	  1.9892	 -0.1433	 -1.8685	  0.0000
  6.4235	  1.9892	  0.7628	 -0.0797	  1.0000
  0.2072	  1.7406	  1.8447	  2.0714	  0.0000
  0.4559	  1.7406	 -0.3342	  2.0122	  0.0000
  0.7045	  1.7406	 -7.8450	 -0.2356	  0.0000
  0.9532	  1.7406	 -2.3973	  0.5287	  0.0000
  1.2018	  1.7406	  0.0640	  0.0833	  0.0000
  1.4505	  1.7406	 -0.2527	 -0.2602	  0.0000
  1.6991	  1.7406	  1.2989	  2.2757	  0.0000
  1.9478	  1.7406	 -0.6533	  1.8242	  0.0000
  2.1964	  1.7406	 -1.7261	  1.8205	  0.0000
  2.4451	  1.7406	 -2.6832	  1.7089	  0.0000
  2.6937	  1.7406	  1.4399	 -5.2425	  0.0000
  2.9424	  1.7406	 -0.0770	 -0.5134	  0.0000
  3.1910	  1.7406	 -1.9497	 -1.3012	  0.0000
  3.4397	  1.7406	 -2.8185	 -2.1892	  0.0000
  3.6884	  1.7406	  0.4672	 -0.0322	  1.0000
  3.9370	  1.7406	  3.1871	  1.7689	  0.0000
  4.1857	  1.7406	  1.9855	 -2.3641	  0.0000
  4.4343	  1.7406	  0.9956	 -0.5123	  0.0000
  4.6830	  1.7406	  0.5512	  0.4546	  0.0000
  4.9316	  1.7406	 -0.5604	  1.1043	  0.0000
  5.1803	  1.7406	  5.9366	  5.6612	  0.0000
  5.4289	  1.7406	  0.4514	 -1.9465	  0.0000
  5.6776	  1.7406	 -1.8541	 -2.0632	  0.0000
  5.9262	  1.7406	  6.9209	  0.9711	  0.0000
  6.1749	  1.7406	 -0.0006	  0.0155	  0.0000
  6.4235	  1.7406	  0.1573	  0.1238	  0.0000
  0.2072	  1.4919	  1.8245	 -2.0315	  0.0000
  0.4559	  1.4919	 -0.5607	 -1.8705	  0.0000
  0.7045	  1.4919	  1.1240	  0.1240	  0.0000
  0.9532	  1.4919	  5.6953	  3.4862	  0.0000
  1.2018	  1.4919	  0.4566	  0.4694	  0.0000
  1.4505	  1.4919	  0.7096	  0.7220	  1.0000
  1.6991	  1.4919	  0.0675	 -2.4749	  0.0000
  1.9478	  1.4919	  0.9996	 -2.2298	  0.0000
  2.1964	  1.4919	 -0.7316	  0.7144	  0.0000
  2.4451	  1.4919	  7.8859	  2.1962	  0.0000
  2.6937	  1.4919	 -1.5918	  2.2567	  0.0000
  2.9424	  1.4919	 -1.5466	  0.0135	  0.0000
  3.1910	  1.4919	 -0.4613	 -0.6406	  0.0000
  3.4397	  1.4919	  5.0102	  1.5824	  0.0000
  3.6884	  1.4919	  0.0009	  0.1941	  0.0000
  3.9370	  1.4919	 -0.4764	  0.4576	  0.0000
  4.1857	  1.4919	  1.9848	  0.7941	  0.0000
  4.4343	  1.4919	  0.8074	 -0.0151	  0.0000
  4.6830	  1.4919	  0.6816	 -0.0966	  0.0000
  4.9316	  1.4919	 -0.1187	  0.6749	  0.0000
  5.1803	  1.4919	  0.1732	  0.3350	  0.0000
  5.4289	  1.4919	 -0.0494	  0.3743	  0.0000
  5.6776	  1.4919	 -1.8530	  0.3666	  0.0000
  5.9262	  1.4919	  0.0964	  0.0347	  0.0000
  6.1749	  1.4919	 -0.0034	  0.0413	  0.0000
  6.4235	  1.4919	  1.9537	  1.2185	  0.0000
  0.2072	  1.2433	  1.6967	 -2.0473	  0.0000
  0.4559	  1.2433	  0.0978	 -2.0135	  0.0000
  0.7045	  1.2433	  1.1667	  2.4272	  0.0000
  0.9532	  1.2433	  0.9616	  0.6173	  1.0000
  1.2018	  1.2433	  0.4051	  0.0958	  0.0000
  1.4505	  1.2433	  9.4349	  9.3352	  0.0000
  1.6991	  1.2433	  0.0039	  0.1601	  0.0000
  1.9478	  1.2433	  0.5062	 -2.0734	  0.0000
  2.1964	  1.2433	 -1.7511	  0.9554	  0.0000
  2.4451	  1.2433	 -0.0545	 -2.2386	  0.0000
  2.6937	  1.2433	 -0.6054	 -2.0586	  0.0000
  2.9424	  1.2433	 -0.8489	 -0.5673	  0.0000
  3.1910	  1.2433	 -0.5689	  0.1785	  0.0000
  3.4397	  1.2433	 -3.2852	 -2.9518	  0.0000
  3.6884	  1.2433	  0.0036	  0.0806	  0.0000
  3.9370	  1.2433	  0.1216	  0.7657	  0.0000
  4.1857	  1.2433	  0.9908	 -1.9228	  0.0000
  4.4343	  1.2433	  0.5301	  0.0147	  0.0000
  4.6830	  1.2433	  0.3047	  0.2109	  0.0000
  4.9316	  1.2433	 -0.1238	  0.2283	  0.0000
  5.1803	  1.2433	  1.9521	  1.0701	  0.0000
  5.4289	  1.2433	 -0.0236	 -0.1777	  0.0000
  5.6776	  1.2433	  0.4879	 -0.0610	  1.0000
  5.9262	  1.2433	  0.0055	  0.0848	  0.0000
  6.1749	  1.2433	 -0.0065	  0.0553	  0.0000
  6.4235	  1.2433	  1.9025	 -1.8580	  0.0000
  0.2072	  0.9946	  1.4803	  1.9138	  0.0000
  0.4559	  0.9946	  0.2349	  1.9149	  0.0000
  0.7045	  0.9946	  4.6512	  4.4758	  0.0000
  0.9532	  0.9946	  0.4412	  3.6528	  0.0000
  1.2018	  0.9946	  5.1517	 -3.1511	  0.0000
  1.4505	  0.9946	 -1.7658	  1.1684	  0.0000
  1.6991	  0.9946	 -2.0973	  7.1923	  0.0000
  1.9478	  0.9946	 -3.3613	 -1.4944	  0.0000
  2.1964	  0.9946	  0.3805	 -2.1636	  0.0000
  2.4451	  0.9946	  1.3967	  3.6557	  0.0000
  2.6937	  0.9946	 -0.1082	  2.2150	  0.0000
  2.9424	  0.9946	 -0.3356	  1.3420	  1.0000
  3.1910	  0.9946	 -0.8631	  0.9302	  0.0000
  3.4397	  0.9946	 -3.0753	  5.1990	  0.0000
  3.6884	  0.9946	  0.0290	  0.6282	  0.0000
  3.9370	  0.9946	 -3.0010	  1.9423	  0.0000
  4.1857	  0.9946	  0.7217	  2.1165	  0.0000
  4.4343	  0.9946	  0.6327	  0.8779	  0.0000
  4.6830	  0.9946	 -0.2521	  0.3794	  0.0000
  4.9316	  0.9946	 -1.5974	  1.8596	  0.0000
  5.1803	  0.9946	  1.9866	  1.2720	  0.0000
  5.4289	  0.9946	 -0.4106	  0.1428	  1.0000
  5.6776	  0.9946	 -1.8271	 -1.8348	  0.0000
  5.9262	  0.9946	  0.0753	  1.8930	  0.0000
  6.1749	  0.9946	 -0.0074	  0.5923	  0.0000
  6.4235	  0.9946	  1.9119	  1.9167	  0.0000
  0.2072	  0.7460	  0.5342	  1.9064	  0.0000
  0.4559	  0.7460	 -0.9190	  1.5419	  0.0000
  0.7045	  0.7460	 -0.5252	 -4.0775	  0.0000
  0.9532	  0.7460	 -0.8001	 -4.1163	  0.0000
  1.2018	  0.7460	 -0.0032	 -0.0354	  0.0000
  1.4505	  0.7460	  8.8498	 -1.4622	  0.0000
  1.6991	  0.7460	 -3.8756	 -4.9259	  0.0000
  1.9478	  0.7460	 -2.0500	 -0.7303	  0.0000
  2.1964	  0.7460	 -2.1520	 -0.1375	  0.0000
  2.4451	  0.7460	 -0.8316	 -0.0345	  0.0000
  2.6937	  0.7460	 -1.2764	 -0.7806	  0.0000
  2.9424	  0.7460	  3.5113	  1.9837	  0.0000
  3.1910	  0.7460	 -0.6369	  2.0491	  0.0000
  3.4397	  0.7460	 -4.5673	  3.1060	  0.0000
  3.6884	  0.7460	 -0.0252	 -1.0183	  0.0000
  3.9370	  0.7460	 -0.2630	  0.3022	  1.0000
  4.1857	  0.7460	 -1.4961	 -1.3439	  0.0000
  4.4343	  0.7460	 -2.2462	 -2.6031	  0.0000
  4.6830	  0.7460	 -0.4833	  1.8728	  0.0000
  4.9316	  0.7460	 -1.9318	  1.9430	  0.0000
  5.1803	  0.7460	  2.0078	 -2.1728	  0.0000
  5.4289	  0.7460	  0.0133	 -0.2220	  0.0000
  5.6776	  0.7460	 -1.5208	  0.6328	  0.0000
  5.9262	  0.7460	 -3.5321	 -5.6612	  0.0000
  6.1749	  0.7460	  3.1771	 -0.9338	  0.0000
  6.4235	  0.7460	 -0.5030	 -0.8418	  1.0000
  0.2072	  0.4973	  0.1259	  0.6685	  0.0000
  0.4559	  0.4973	 -1.7126	  1.1470	  0.0000
  0.7045	  0.4973	 -1.8794	 -0.4303	  0.0000
  0.9532	  0.4973	  1.9973	  0.0012	  0.0000
  1.2018	  0.4973	  0.0410	 -0.0111	  0.0000
  1.4505	  0.4973	  8.6140	  2.0213	  0.0000
  1.6991	  0.4973	 -0.1470	  2.5236	  0.0000
  1.9478	  0.4973	  0.0174	 -0.0403	  0.0000
  2.1964	  0.4973	  1.5277	  2.9485	  0.0000
  2.4451	  0.4973	  4.5902	  8.0418	  0.0000
  2.6937	  0.4973	 -7.8034	 -2.0202	  0.0000
  2.9424	  0.4973	 -3.4116	 -0.0823	  0.0000
  3.1910	  0.4973	  1.1785	  9.1735	  0.0000
  3.4397	  0.4973	 -0.0481	  1.0035	  0.0000
  3.6884	  0.4973	 -0.2185	  1.3119	  1.0000
  3.9370	  0.4973	  0.7171	 -1.7062	  0.0000
  4.1857	  0.4973	 -1.0586	  7.4948	  0.0000
  4.4343	  0.4973	 -0.4351	  0.4137	  0.0000
  4.6830	  0.4973	 -0.1058	 -0.0185	  0.0000
  4.9316	  0.4973	  0.3754	 -0.1612	  0.0000
  5.1803	  0.4973	  1.9388	  1.4627	  0.0000
  5.4289	  0.4973	  0.0674	  0.0907	  0.0000
  5.6776	  0.4973	 -1.2220	  1.1038	  0.0000
  5.9262	  0.4973	 -5.2381	  0.2861	  0.0000
  6.1749	  0.4973	 -2.2529	 -2.1252	  0.0000
  6.4235	  0.4973	 -0.7872	 -0.9091	  1.0000
  0.2072	  0.2487	  0.9172	  2.0080	  0.0000
  0.4559	  0.2487	 -0.7839	  1.8750	  0.0000
  0.7045	  0.2487	 -0.0753	 -0.0968	  0.0000
  0.9532	  0.2487	  1.5444	  0.6599	  0.0000
  1.2018	  0.2487	  0.8851	  1.5328	  0.0000
  1.4505	  0.2487	 -8.4297	  1.9660	  0.0000
  1.6991	  0.2487	  0.0079	  0.0299	  0.0000
  1.9478	  0.2487	 -2.8022	  0.9528	  0.0000
  2.1964	  0.2487	  0.4785	 -1.1721	  0.0000
  2.4451	  0.2487	  0.0016	 -0.0306	  0.0000
  2.6937	  0.2487	 -0.1056	 -0.5656	  0.0000
  2.9424	  0.2487	 -0.0397	 -4.4648	  0.0000
  3.1910	  0.2487	  0.0158	 -0.5456	  0.0000
  3.4397	  0.2487	  9.3148	 -2.3219	  0.0000
  3.6884	  0.2487	  0.1288	  1.0289	  1.0000
  3.9370	  0.2487	  0.5759	  0.0910	  0.0000
  4.1857	  0.2487	 -1.8248	 -3.2293	  0.0000
  4.4343	  0.2487	  1.0706	 -1.7769	  0.0000
  4.6830	  0.2487	  0.0526	 -0.0110	  0.0000
  4.9316	  0.2487	  1.8853	 -0.0524	  0.0000
  5.1803	  0.2487	 -0.3745	 -0.0255	  0.0000
  5.4289	  0.2487	  0.0030	  0.1906	  0.0000
  5.6776	  0.2487	 -1.1235	  1.0236	  0.0000
  5.9262	  0.2487	 -1.5820	  0.5386	  0.0000
  6.1749	  0.2487	 -1.5025	 -3.5823	  0.0000
  6.4235	  0.2487	  0.8004	 -2.0815	  0.0000
