# x	y	u	v	mask
  0.1658	  4.8073	  0.0048	  0.0440	  0.0000
  0.3315	  4.8073	  0.0007	  0.0288	  0.0000
  0.4973	  4.8073	  0.0034	  0.0246	  0.0000
  0.6631	  4.8073	  0.0022	  0.0178	  0.0000
  0.8288	  4.8073	  0.0075	  0.0120	  0.0000
  0.9946	  4.8073	  0.0102	  0.0031	  0.0000
  1.1604	  4.8073	  0.0120	  0.0016	  0.0000
  1.3262	  4.8073	  0.0441	  0.0164	  0.0000
  1.4919	  4.8073	  0.0217	  0.0164	  0.0000
  1.6577	  4.8073	 -0.0178	 -0.0079	  0.0000
  1.8235	  4.8073	 -0.0077	 -0.0006	  0.0000
  1.9892	  4.8073	 -0.0040	  0.0095	  0.0000
  2.1550	  4.8073	  0.0006	  0.0088	  0.0000
  2.3208	  4.8073	 -0.0006	  0.0075	  0.0000
  2.4865	  4.8073	  0.0021	  0.0058	  0.0000
  2.6523	  4.8073	 -0.0007	  0.0034	  0.0000
  2.8181	  4.8073	 -0.0021	  0.0008	  0.0000
  2.9838	  4.8073	  0.0002	  0.0002	  0.0000
  3.1496	  4.8073	 -0.0002	  0.0027	  0.0000
  3.3154	  4.8073	  0.0037	  0.0036	  0.0000
  3.4811	  4.8073	  0.0010	  0.0039	  0.0000
  3.6469	  4.8073	 -0.0001	  0.0043	  0.0000
  3.8127	  4.8073	  0.0028	  0.0037	  0.0000
  3.9785	  4.8073	  0.0006	  0.0036	  0.0000
  4.1442	  4.8073	 -0.0003	  0.0042	  0.0000
  4.3100	  4.8073	 -0.0028	  0.0017	  0.0000
  4.4758	  4.8073	  0.0018	 -0.0042	  0.0000
  4.6415	  4.8073	  0.0042	 -0.0074	  0.0000
  4.8073	  4.8073	  0.0120	 -0.0042	  0.0000
  4.9731	  4.8073	  0.0155	 -0.0024	  0.0000
  5.1388	  4.8073	  0.0120	 -0.0050	  0.0000
  5.3046	  4.8073	  0.0355	 -0.0051	  0.0000
  5.4704	  4.8073	  0.0739	 -0.0354	  0.0000
  5.6361	  4.8073	  0.0033	 -0.0137	  0.0000
  5.8019	  4.8073	 -0.0022	 -0.0148	  0.0000
  5.9677	  4.8073	 -0.0057	 -0.0109	  0.0000
  6.1334	  4.8073	 -0.0098	 -0.0085	  0.0000
  6.2992	  4.8073	 -0.0086	 -0.0061	  0.0000
  6.4650	  4.8073	 -0.0107	 -0.0048	  0.0000
  0.1658	  4.6415	  0.0048	  0.0440	  0.0000
  0.3315	  4.6415	  0.0008	  0.0289	  0.0000
  0.4973	  4.6415	  0.0031	  0.0270	  0.0000
  0.6631	  4.6415	  0.0017	  0.0192	  0.0000
  0.8288	  4.6415	  0.0063	  0.0137	  0.0000
  0.9946	  4.6415	 -0.0109	  0.0017	  0.0000
  1.1604	  4.6415	  0.0543	 -0.0287	  0.0000
  1.3262	  4.6415	  0.0090	 -0.0121	  0.0000
  1.4919	  4.6415	 -0.0051	  0.0050	  0.0000
  1.6577	  4.6415	 -0.0027	  0.0012	  0.0000
  1.8235	  4.6415	 -0.0020	 -0.0075	  0.0000
  1.9892	  4.6415	 -0.0001	 -0.0002	  0.0000
  2.1550	  4.6415	  0.0030	  0.0049	  0.0000
  2.3208	  4.6415	 -0.0008	  0.0004	  0.0000
  2.4865	  4.6415	 -0.0022	 -0.0008	  0.0000
  2.6523	  4.6415	  0.0005	  0.0022	  0.0000
  2.8181	  4.6415	  0.0008	  0.0014	  0.0000
  2.9838	  4.6415	  0.0008	 -0.0002	  0.0000
  3.1496	  4.6415	 -0.0013	  0.0003	  0.0000
  3.3154	  4.6415	  0.0002	  0.0008	  0.0000
  3.4811	  4.6415	  0.0028	 -0.0020	  0.0000
  3.6469	  4.6415	 -0.0002	 -0.0027	  0.0000
  3.8127	  4.6415	  0.0007	  0.0016	  0.0000
  3.9785	  4.6415	 -0.0002	  0.0012	  0.0000
  4.1442	  4.6415	  0.0009	 -0.0007	  0.0000
  4.3100	  4.6415	  0.0007	 -0.0018	  0.0000
  4.4758	  4.6415	  0.0002	 -0.0026	  0.0000
  4.6415	  4.6415	  0.0033	 -0.0043	  0.0000
  4.8073	  4.6415	  0.0041	 -0.0075	  0.0000
  4.9731	  4.6415	  0.0046	 -0.0035	  0.0000
  5.1388	  4.6415	  0.0032	  0.0041	  0.0000
  5.3046	  4.6415	 -0.0054	 -0.0012	  0.0000
  5.4704	  4.6415	 -0.0394	 -0.0227	  0.0000
  5.6361	  4.6415	  0.0272	 -0.0633	  0.0000
  5.8019	  4.6415	 -0.0032	 -0.0100	  0.0000
  5.9677	  4.6415	 -0.0077	 -0.0076	  0.0000
  6.1334	  4.6415	 -0.0138	 -0.0059	  0.0000
  6.2992	  4.6415	 -0.0138	 -0.0037	  0.0000
  6.4650	  4.6415	 -0.0160	 -0.0051	  0.0000
  0.1658	  4.4758	  0.0002	  0.0171	  0.0000
  0.3315	  4.4758	 -0.0055	  0.0143	  0.0000
  0.4973	  4.4758	 -0.0045	  0.0160	  0.0000
  0.6631	  4.4758	 -0.0024	  0.0149	  0.0000
  0.8288	  4.4758	  0.0048	  0.0440	  0.0000
  0.9946	  4.4758	 -0.0070	 -0.0098	  0.0000
  1.1604	  4.4758	  0.0199	 -0.0058	  0.0000
  1.3262	  4.4758	  0.0008	 -0.0058	  0.0000
  1.4919	  4.4758	  0.0006	 -0.0034	  0.0000
  1.6577	  4.4758	  0.0057	  0.0009	  0.0000
  1.8235	  4.4758	 -0.0003	  0.0040	  0.0000
  1.9892	  4.4758	 -0.0025	  0.0059	  0.0000
  2.1550	  4.4758	  0.0001	  0.0009	  0.0000
  2.3208	  4.4758	 -0.0008	 -0.0021	  0.0000
  2.4865	  4.4758	 -0.0026	 -0.0012	  0.0000
  2.6523	  4.4758	  0.0002	 -0.0017	  0.0000
  2.8181	  4.4758	  0.0002	 -0.0026	  0.0000
  2.9838	  4.4758	  0.0013	 -0.0030	  0.0000
  3.1496	  4.4758	  0.0001	 -0.0024	  0.0000
  3.3154	  4.4758	 -0.0010	 -0.0015	  0.0000
  3.4811	  4.4758	  0.0007	 -0.0018	  0.0000
  3.6469	  4.4758	 -0.0005	 -0.0021	  0.0000
  3.8127	  4.4758	 -0.0005	 -0.0009	  0.0000
  3.9785	  4.4758	  0.0000	 -0.0011	  0.0000
  4.1442	  4.4758	 -0.0002	 -0.0025	  0.0000
  4.3100	  4.4758	  0.0012	 -0.0019	  0.0000
  4.4758	  4.4758	  0.0000	 -0.0017	  0.0000
  4.6415	  4.4758	  0.0004	 -0.0013	  0.0000
  4.8073	  4.4758	 -0.0003	 -0.0032	  0.0000
  4.9731	  4.4758	  0.0026	 -0.0039	  0.0000
  5.1388	  4.4758	  0.0007	  0.0038	  0.0000
  5.3046	  4.4758	 -0.0015	  0.0048	  0.0000
  5.4704	  4.4758	  0.0005	  0.0054	  0.0000
  5.6361	  4.4758	  0.0045	  0.0065	  0.0000
  5.8019	  4.4758	 -0.0442	 -0.0241	  0.0000
  5.9677	  4.4758	  0.0000	 -0.0000	  0.0000
  6.1334	  4.4758	 -0.0156	 -0.0068	  0.0000
  6.2992	  4.4758	 -0.0158	 -0.0059	  0.0000
  6.4650	  4.4758	 -0.0190	 -0.0083	  0.0000
  0.1658	  4.3100	 -0.0005	  0.0021	  0.0000
  0.3315	  4.3100	 -0.0073	  0.0043	  0.0000
  0.4973	  4.3100	 -0.0083	  0.0094	  0.0000
  0.6631	  4.3100	 -0.0050	  0.0132	  0.0000
  0.8288	  4.3100	  0.0048	  0.0440	  0.0000
  0.9946	  4.3100	 -0.0063	 -0.0082	  0.0000
  1.1604	  4.3100	  0.0123	 -0.0008	  0.0000
  1.3262	  4.3100	 -0.0012	  0.0009	  0.0000
  1.4919	  4.3100	  0.0048	 -0.0036	  0.0000
  1.6577	  4.3100	  0.0043	 -0.0027	  0.0000
  1.8235	  4.3100	 -0.0013	  0.0004	  0.0000
  1.9892	  4.3100	 -0.0020	  0.0028	  0.0000
  2.1550	  4.3100	 -0.0001	  0.0033	  0.0000
  2.3208	  4.3100	 -0.0009	  0.0003	  0.0000
  2.4865	  4.3100	 -0.0008	  0.0000	  0.0000
  2.6523	  4.3100	  0.0006	  0.0023	  0.0000
  2.8181	  4.3100	 -0.0011	  0.0015	  0.0000
  2.9838	  4.3100	  0.0013	  0.0002	  0.0000
  3.1496	  4.3100	  0.0007	  0.0005	  0.0000
  3.3154	  4.3100	 -0.0012	  0.0012	  0.0000
  3.4811	  4.3100	 -0.0016	  0.0005	  0.0000
  3.6469	  4.3100	  0.0005	  0.0025	  0.0000
  3.8127	  4.3100	 -0.0001	  0.0019	  0.0000
  3.9785	  4.3100	 -0.0008	 -0.0008	  0.0000
  4.1442	  4.3100	 -0.0028	  0.0005	  0.0000
  4.3100	  4.3100	  0.0004	  0.0018	  0.0000
  4.4758	  4.3100	  0.0010	  0.0027	  0.0000
  4.6415	  4.3100	 -0.0005	  0.0023	  0.0000
  4.8073	  4.3100	 -0.0002	  0.0024	  0.0000
  4.9731	  4.3100	  0.0043	  0.0030	  0.0000
  5.1388	  4.3100	  0.0013	  0.0034	  0.0000
  5.3046	  4.3100	 -0.0003	  0.0074	  0.0000
  5.4704	  4.3100	  0.0045	  0.0054	  0.0000
  5.6361	  4.3100	  0.0001	 -0.0076	  0.0000
  5.8019	  4.3100	 -0.0135	 -0.0053	  0.0000
  5.9677	  4.3100	 -0.0212	  0.0290	  0.0000
  6.1334	  4.3100	  0.0000	 -0.0000	  0.0000
  6.2992	  4.3100	 -0.0259	 -0.0050	  0.0000
  6.4650	  4.3100	 -0.0309	 -0.0075	  0.0000
  0.1658	  4.1442	 -0.0068	 -0.0088	  0.0000
  0.3315	  4.1442	 -0.0094	 -0.0051	  0.0000
  0.4973	  4.1442	 -0.0050	 -0.0017	  0.0000
  0.6631	  4.1442	 -0.0258	  0.0057	  0.0000
  0.8288	  4.1442	 -0.0215	  0.0139	  0.0000
  0.9946	  4.1442	  0.0096	  0.0280	  0.0000
  1.1604	  4.1442	  0.0084	  0.0276	  0.0000
  1.3262	  4.1442	  0.1454	  0.0601	  0.0000
  1.4919	  4.1442	 -0.0368	  0.0556	  0.0000
  1.6577	  4.1442	 -0.0344	 -0.0018	  0.0000
  1.8235	  4.1442	  0.0017	 -0.0015	  0.0000
  1.9892	  4.1442	  0.0093	  0.0019	  0.0000
  2.1550	  4.1442	  0.0037	  0.0018	  0.0000
  2.3208	  4.1442	 -0.0015	 -0.0004	  0.0000
  2.4865	  4.1442	  0.0005	 -0.0014	  0.0000
  2.6523	  4.1442	  0.0021	 -0.0004	  0.0000
  2.8181	  4.1442	 -0.0007	  0.0003	  0.0000
  2.9838	  4.1442	 -0.0005	 -0.0003	  0.0000
  3.1496	  4.1442	 -0.0025	 -0.0011	  0.0000
  3.3154	  4.1442	 -0.0043	 -0.0019	  0.0000
  3.4811	  4.1442	 -0.0053	 -0.0037	  0.0000
  3.6469	  4.1442	  0.0011	 -0.0021	  0.0000
  3.8127	  4.1442	  0.0011	  0.0004	  0.0000
  3.9785	  4.1442	 -0.0015	  0.0007	  0.0000
  4.1442	  4.1442	 -0.0042	  0.0004	  0.0000
  4.3100	  4.1442	  0.0009	 -0.0000	  0.0000
  4.4758	  4.1442	  0.0034	  0.0021	  0.0000
  4.6415	  4.1442	  0.0004	 -0.0003	  0.0000
  4.8073	  4.1442	  0.0001	 -0.0017	  0.0000
  4.9731	  4.1442	  0.0052	  0.0009	  0.0000
  5.1388	  4.1442	  0.0041	 -0.0002	  0.0000
  5.3046	  4.1442	  0.0010	 -0.0021	  0.0000
  5.4704	  4.1442	  0.0011	 -0.0069	  0.0000
  5.6361	  4.1442	 -0.0022	 -0.0032	  0.0000
  5.8019	  4.1442	 -0.0180	  0.0062	  0.0000
  5.9677	  4.1442	 -0.0050	  0.0023	  0.0000
  6.1334	  4.1442	 -0.0279	 -0.0524	  0.0000
  6.2992	  4.1442	 -0.0253	 -0.0037	  0.0000
  6.4650	  4.1442	 -0.0307	 -0.0078	  0.0000
  0.1658	  3.9785	 -0.0083	 -0.0154	  0.0000
  0.3315	  3.9785	 -0.0089	 -0.0116	  0.0000
  0.4973	  3.9785	 -0.0028	 -0.0070	  0.0000
  0.6631	  3.9785	 -0.0223	  0.0050	  0.0000
  0.8288	  3.9785	 -0.0197	  0.0180	  0.0000
  0.9946	  3.9785	  0.0141	  0.0373	  0.0000
  1.1604	  3.9785	  0.0172	  0.0404	  0.0000
  1.3262	  3.9785	  0.2252	  0.3047	  0.0000
  1.4919	  3.9785	 -0.0797	  0.0114	  0.0000
  1.6577	  3.9785	 -0.0987	  0.0034	  0.0000
  1.8235	  3.9785	 -5.2059	  0.5720	  0.0000
  1.9892	  3.9785	 -1.4664	  0.5180	  0.0000
  2.1550	  3.9785	 -0.0216	  0.0031	  0.0000
  2.3208	  3.9785	 -0.1560	 -0.0931	  0.0000
  2.4865	  3.9785	 -0.1447	 -0.1060	  0.0000
  2.6523	  3.9785	  0.0147	 -0.0066	  0.0000
  2.8181	  3.9785	 -0.0042	  0.0026	  0.0000
  2.9838	  3.9785	 -0.0109	  0.0141	  0.0000
  3.1496	  3.9785	 -0.0058	  0.0045	  0.0000
  3.3154	  3.9785	 -0.0353	 -0.0193	  0.0000
  3.4811	  3.9785	 -0.0197	 -0.0077	  0.0000
  3.6469	  3.9785	 -0.0005	 -0.0063	  0.0000
  3.8127	  3.9785	  0.0041	 -0.0091	  0.0000
  3.9785	  3.9785	  0.0012	 -0.0110	  0.0000
  4.1442	  3.9785	  0.0026	 -0.0050	  0.0000
  4.3100	  3.9785	  0.0088	 -0.0010	  0.0000
  4.4758	  3.9785	  0.0073	  0.0008	  0.0000
  4.6415	  3.9785	  0.0023	 -0.0050	  0.0000
  4.8073	  3.9785	  0.0015	 -0.0014	  0.0000
  4.9731	  3.9785	  0.0110	  0.0034	  0.0000
  5.1388	  3.9785	  0.0089	 -0.0000	  0.0000
  5.3046	  3.9785	  0.0072	 -0.0008	  0.0000
  5.4704	  3.9785	  0.0029	  0.0001	  0.0000
  5.6361	  3.9785	 -0.0039	  0.0015	  0.0000
  5.8019	  3.9785	 -0.0302	 -0.0057	  0.0000
  5.9677	  3.9785	 -0.0215	 -0.0107	  0.0000
  6.1334	  3.9785	 -0.1832	 -0.0005	  0.0000
  6.2992	  3.9785	 -0.0143	 -0.0000	  0.0000
  6.4650	  3.9785	 -0.0269	 -0.0078	  0.0000
  0.1658	  3.8127	 -0.0112	 -0.0174	  0.0000
  0.3315	  3.8127	 -0.0357	 -0.0400	  0.0000
  0.4973	  3.8127	 -0.0124	 -0.0137	  0.0000
  0.6631	  3.8127	  0.0200	 -0.0126	  0.0000
  0.8288	  3.8127	  0.1100	 -0.0675	  0.0000
  0.9946	  3.8127	 -0.5639	  0.0381	  0.0000
  1.1604	  3.8127	 -0.0445	  0.0721	  0.0000
  1.3262	  3.8127	  0.4125	  0.0429	  0.0000
  1.4919	  3.8127	  0.0056	 -0.0535	  0.0000
  1.6577	  3.8127	  3.5921	  0.8589	  0.0000
  1.8235	  3.8127	  3.1244	  0.6465	  0.0000
  1.9892	  3.8127	 -0.0296	  0.1009	  0.0000
  2.1550	  3.8127	 -0.2414	 -0.0297	  0.0000
  2.3208	  3.8127	 -0.2038	 -0.0610	  0.0000
  2.4865	  3.8127	  0.0472	 -1.7901	  0.0000
  2.6523	  3.8127	  3.0873	 -2.1854	  0.0000
  2.8181	  3.8127	 -0.0412	 -0.1478	  0.0000
  2.9838	  3.8127	  0.0262	 -0.0718	  0.0000
  3.1496	  3.8127	 -0.0269	  0.0117	  0.0000
  3.3154	  3.8127	 -0.0247	 -0.0005	  0.0000
  3.4811	  3.8127	 -0.0018	 -0.0019	  0.0000
  3.6469	  3.8127	 -0.0028	  0.0057	  0.0000
  3.8127	  3.8127	  0.0022	  0.0020	  0.0000
  3.9785	  3.8127	  0.0104	 -0.0197	  0.0000
  4.1442	  3.8127	  0.1541	  0.0148	  0.0000
  4.3100	  3.8127	 -0.0055	 -0.0212	  0.0000
  4.4758	  3.8127	 -0.0110	 -0.0041	  0.0000
  4.6415	  3.8127	 -0.0002	 -0.0040	  0.0000
  4.8073	  3.8127	  0.0194	  0.0001	  0.0000
  4.9731	  3.8127	  0.0073	  0.0009	  0.0000
  5.1388	  3.8127	 -0.0014	 -0.0035	  0.0000
  5.3046	  3.8127	  0.5180	  7.8892	  0.0000
  5.4704	  3.8127	 -0.0048	  0.1801	  0.0000
  5.6361	  3.8127	 -0.0048	  0.1801	  0.0000
  5.8019	  3.8127	 -0.0128	  0.0573	  0.0000
  5.9677	  3.8127	  0.0024	  0.0233	  0.0000
  6.1334	  3.8127	  0.0036	  0.0125	  0.0000
  6.2992	  3.8127	 -0.0011	 -0.0041	  0.0000
  6.4650	  3.8127	 -0.0232	 -0.0040	  0.0000
  0.1658	  3.6469	 -0.0041	 -0.0169	  0.0000
  0.3315	  3.6469	 -0.0062	 -0.0335	  0.0000
  0.4973	  3.6469	 -0.0043	 -0.0131	  0.0000
  0.6631	  3.6469	  0.0207	 -0.0104	  0.0000
  0.8288	  3.6469	  0.0539	  0.0456	  0.0000
  0.9946	  3.6469	 -0.0061	  0.0941	  0.0000
  1.1604	  3.6469	  0.0003	  0.0737	  0.0000
  1.3262	  3.6469	  0.0582	  0.0663	  0.0000
  1.4919	  3.6469	  0.1311	  0.0597	  0.0000
  1.6577	  3.6469	  0.1408	  0.0952	  0.0000
  1.8235	  3.6469	  0.0759	  0.0943	  0.0000
  1.9892	  3.6469	  0.0466	 -0.0419	  0.0000
  2.1550	  3.6469	 -0.1048	 -0.0658	  0.0000
  2.3208	  3.6469	 -0.1440	 -0.0146	  0.0000
  2.4865	  3.6469	  0.0010	 -0.0705	  0.0000
  2.6523	  3.6469	  0.4426	 -0.4299	  0.0000
  2.8181	  3.6469	  0.3608	 -0.1502	  0.0000
  2.9838	  3.6469	  0.0320	 -0.0431	  0.0000
  3.1496	  3.6469	 -0.0134	  0.0003	  0.0000
  3.3154	  3.6469	  0.0031	  0.0145	  0.0000
  3.4811	  3.6469	  0.0013	  0.0093	  0.0000
  3.6469	  3.6469	  0.0022	  0.0012	  0.0000
  3.8127	  3.6469	  0.0046	 -0.0033	  0.0000
  3.9785	  3.6469	 -0.0346	 -0.0932	  0.0000
  4.1442	  3.6469	 -0.1647	 -0.3212	  0.0000
  4.3100	  3.6469	 -0.0472	  0.0057	  0.0000
  4.4758	  3.6469	 -0.0268	 -0.0315	  0.0000
  4.6415	  3.6469	 -0.0012	 -0.0061	  0.0000
  4.8073	  3.6469	  0.0101	  0.0013	  0.0000
  4.9731	  3.6469	 -0.0061	  0.0010	  0.0000
  5.1388	  3.6469	  0.0009	 -0.0040	  0.0000
  5.3046	  3.6469	  0.1861	 -0.1691	  0.0000
  5.4704	  3.6469	  0.0209	  0.3625	  0.0000
  5.6361	  3.6469	  0.0113	  0.3801	  0.0000
  5.8019	  3.6469	 -0.0248	  0.0774	  0.0000
  5.9677	  3.6469	  0.0074	  0.0045	  0.0000
  6.1334	  3.6469	  0.0052	  0.0014	  0.0000
  6.2992	  3.6469	 -0.0030	 -0.0034	  0.0000
  6.4650	  3.6469	  0.0147	 -0.0329	  0.0000
  0.1658	  3.4811	  0.0119	 -0.0176	  0.0000
  0.3315	  3.4811	 -0.0067	 -0.0143	  0.0000
  0.4973	  3.4811	 -0.0385	  0.0057	  0.0000
  0.6631	  3.4811	  0.0023	  0.0222	  0.0000
  0.8288	  3.4811	  0.0771	  0.1038	  0.0000
  0.9946	  3.4811	 -0.0194	  0.1119	  0.0000
  1.1604	  3.4811	  0.0656	  0.2132	  0.0000
  1.3262	  3.4811	  0.1268	  0.1498	  0.0000
  1.4919	  3.4811	  0.0348	  0.0377	  0.0000
  1.6577	  3.4811	  0.0349	  0.1361	  0.0000
  1.8235	  3.4811	 -0.0374	  0.1903	  0.0000
  1.9892	  3.4811	  0.0370	 -0.1232	  0.0000
  2.1550	  3.4811	  0.0127	 -0.1786	  0.0000
  2.3208	  3.4811	 -0.0728	 -0.0885	  0.0000
  2.4865	  3.4811	  0.0135	 -0.0049	  0.0000
  2.6523	  3.4811	  0.1695	 -0.0577	  0.0000
  2.8181	  3.4811	  0.1286	 -0.1217	  0.0000
  2.9838	  3.4811	 -0.0402	 -0.0975	  0.0000
  3.1496	  3.4811	 -0.0126	 -0.0180	  0.0000
  3.3154	  3.4811	 -0.0071	  0.0109	  0.0000
  3.4811	  3.4811	 -0.0059	  0.0199	  0.0000
  3.6469	  3.4811	  0.0013	  0.0005	  0.0000
  3.8127	  3.4811	  0.0040	 -0.0043	  0.0000
  3.9785	  3.4811	  0.0011	 -0.0474	  0.0000
  4.1442	  3.4811	 -0.0850	 -0.1911	  0.0000
  4.3100	  3.4811	 -0.0502	 -0.0758	  0.0000
  4.4758	  3.4811	 -0.0243	  0.0057	  0.0000
  4.6415	  3.4811	 -0.0096	  0.0027	  0.0000
  4.8073	  3.4811	 -0.0083	  0.0008	  0.0000
  4.9731	  3.4811	 -0.0163	 -0.0040	  0.0000
  5.1388	  3.4811	  0.0365	 -0.0316	  0.0000
  5.3046	  3.4811	  0.0906	  0.0360	  0.0000
  5.4704	  3.4811	 -0.0494	  0.0202	  0.0000
  5.6361	  3.4811	 -0.1064	  0.0082	  0.0000
  5.8019	  3.4811	  0.0367	  0.1993	  0.0000
  5.9677	  3.4811	  0.0581	 -0.0000	  0.0000
  6.1334	  3.4811	 -0.0060	  0.0007	  0.0000
  6.2992	  3.4811	 -0.0312	  0.0404	  0.0000
  6.4650	  3.4811	  0.0019	 -0.0020	  0.0000
  0.1658	  3.3154	  0.1129	 -0.0553	  0.0000
  0.3315	  3.3154	 -0.0054	  0.0073	  0.0000
  0.4973	  3.3154	 -0.0338	  0.0043	  0.0000
  0.6631	  3.3154	 -0.0075	  0.0364	  0.0000
  0.8288	  3.3154	  0.1274	  0.3398	  0.0000
  0.9946	  3.3154	 -0.0844	  0.1573	  0.0000
  1.1604	  3.3154	  0.0425	  0.1438	  0.0000
  1.3262	  3.3154	  0.0604	  0.0805	  0.0000
  1.4919	  3.3154	  0.0126	 -0.0771	  0.0000
  1.6577	  3.3154	  0.1122	 -0.0473	  0.0000
  1.8235	  3.3154	 -0.0555	  0.0175	  0.0000
  1.9892	  3.3154	 -0.0081	 -0.3525	  0.0000
  2.1550	  3.3154	  0.0102	 -0.3640	  0.0000
  2.3208	  3.3154	 -0.0306	 -0.0844	  0.0000
  2.4865	  3.3154	  0.0146	 -0.0025	  0.0000
  2.6523	  3.3154	  0.0440	  0.0020	  0.0000
  2.8181	  3.3154	  0.0114	 -0.0582	  0.0000
  2.9838	  3.3154	 -0.0328	 -0.0417	  0.0000
  3.1496	  3.3154	 -0.0159	 -0.0104	  0.0000
  3.3154	  3.3154	 -0.0815	 -0.0087	  0.0000
  3.4811	  3.3154	 -0.0286	 -0.0040	  0.0000
  3.6469	  3.3154	 -0.0007	 -0.0018	  0.0000
  3.8127	  3.3154	  0.0038	  0.0022	  0.0000
  3.9785	  3.3154	  0.1018	  0.0232	  0.0000
  4.1442	  3.3154	  0.0384	 -0.2875	  0.0000
  4.3100	  3.3154	 -0.0258	 -0.0316	  0.0000
  4.4758	  3.3154	 -0.0065	  0.0176	  0.0000
  4.6415	  3.3154	 -0.0053	  0.0131	  0.0000
  4.8073	  3.3154	 -0.0044	  0.0073	  0.0000
  4.9731	  3.3154	 -0.0208	 -0.0228	  0.0000
  5.1388	  3.3154	 -0.1491	 -0.0991	  0.0000
  5.3046	  3.3154	 -0.0173	 -0.0293	  0.0000
  5.4704	  3.3154	 -0.0290	  0.0059	  0.0000
  5.6361	  3.3154	 -0.0251	  0.0138	  0.0000
  5.8019	  3.3154	  0.0299	 -0.0026	  0.0000
  5.9677	  3.3154	 -0.3561	  0.2971	  0.0000
  6.1334	  3.3154	  0.0629	  0.1458	  0.0000
  6.2992	  3.3154	 -0.0107	  0.0001	  0.0000
  6.4650	  3.3154	 -0.0041	  0.0014	  0.0000
  0.1658	  3.1496	  0.1789	 -0.0748	  0.0000
  0.3315	  3.1496	 -0.0008	  0.0103	  0.0000
  0.4973	  3.1496	  0.0431	  0.0033	  0.0000
  0.6631	  3.1496	  0.0115	  0.0126	  0.0000
  0.8288	  3.1496	 -0.0171	  0.0745	  0.0000
  0.9946	  3.1496	 -0.0134	  0.2061	  0.0000
  1.1604	  3.1496	  0.0027	 -0.0222	  0.0000
  1.3262	  3.1496	 -0.0700	 -0.0552	  0.0000
  1.4919	  3.1496	  0.0776	 -0.0520	  0.0000
  1.6577	  3.1496	  0.2348	 -0.0982	  0.0000
  1.8235	  3.1496	  0.1259	 -0.1403	  0.0000
  1.9892	  3.1496	 -0.0329	 -0.3262	  0.0000
  2.1550	  3.1496	 -0.1541	 -0.1637	  0.0000
  2.3208	  3.1496	 -0.0610	  0.0865	  0.0000
  2.4865	  3.1496	 -0.0158	  0.0177	  0.0000
  2.6523	  3.1496	 -0.0073	  0.0241	  0.0000
  2.8181	  3.1496	  0.0323	  0.0133	  0.0000
  2.9838	  3.1496	 -0.0244	 -0.1130	  0.0000
  3.1496	  3.1496	 -0.0135	 -0.0525	  0.0000
  3.3154	  3.1496	 -0.0729	 -0.0068	  0.0000
  3.4811	  3.1496	 -0.0366	 -0.0184	  0.0000
  3.6469	  3.1496	 -0.0021	 -0.0088	  0.0000
  3.8127	  3.1496	  0.0057	  0.0205	  0.0000
  3.9785	  3.1496	  0.2430	  0.1638	  0.0000
  4.1442	  3.1496	  0.0416	  0.0549	  0.0000
  4.3100	  3.1496	 -0.0987	  0.0354	  0.0000
  4.4758	  3.1496	 -0.0212	  0.0118	  0.0000
  4.6415	  3.1496	 -0.0138	  0.0009	  0.0000
  4.8073	  3.1496	 -0.0089	 -0.0049	  0.0000
  4.9731	  3.1496	 -0.0467	 -0.0484	  0.0000
  5.1388	  3.1496	 -0.3256	 -0.1376	  0.0000
  5.3046	  3.1496	 -0.0147	 -0.0657	  0.0000
  5.4704	  3.1496	  0.0429	 -0.0061	  0.0000
  5.6361	  3.1496	  0.0177	  0.0149	  0.0000
  5.8019	  3.1496	 -0.0000	 -0.2520	  0.0000
  5.9677	  3.1496	 -0.3212	  0.4311	  0.0000
  6.1334	  3.1496	  0.0642	  0.1273	  0.0000
  6.2992	  3.1496	 -0.0117	 -0.0109	  0.0000
  6.4650	  3.1496	 -0.0009	  0.0118	  0.0000
  0.1658	  2.9838	  1.4160	 -0.6152	  0.0000
  0.3315	  2.9838	 -0.0031	 -0.0118	  0.0000
  0.4973	  2.9838	  0.0365	 -0.0106	  0.0000
  0.6631	  2.9838	  0.0153	 -0.0082	  0.0000
  0.8288	  2.9838	 -0.0219	  0.0782	  0.0000
  0.9946	  2.9838	  4.4628	  2.0606	  0.0000
  1.1604	  2.9838	  0.8604	 -0.0372	  0.0000
  1.3262	  2.9838	  0.1895	  0.0222	  0.0000
  1.4919	  2.9838	  0.1143	  0.0626	  0.0000
  1.6577	  2.9838	 -0.0193	 -0.0763	  0.0000
  1.8235	  2.9838	  0.0230	 -0.2712	  0.0000
  1.9892	  2.9838	 -0.1108	 -0.6323	  0.0000
  2.1550	  2.9838	 -0.8956	 -1.1294	  0.0000
  2.3208	  2.9838	 -0.0780	 -0.1138	  0.0000
  2.4865	  2.9838	 -0.0991	 -0.0067	  0.0000
  2.6523	  2.9838	 -0.0658	  0.0294	  0.0000
  2.8181	  2.9838	 -0.1649	  0.0704	  0.0000
  2.9838	  2.9838	 -0.1369	 -0.2367	  0.0000
  3.1496	  2.9838	 -1.6373	 -0.8726	  0.0000
  3.3154	  2.9838	  0.4105	 -0.0900	  0.0000
  3.4811	  2.9838	  0.5367	 -0.0618	  0.0000
  3.6469	  2.9838	  0.0003	 -0.0066	  0.0000
  3.8127	  2.9838	  0.0038	  0.0173	  0.0000
  3.9785	  2.9838	  0.2357	  0.1966	  0.0000
  4.1442	  2.9838	  0.0256	  0.1111	  0.0000
  4.3100	  2.9838	 -0.1282	 -0.0174	  0.0000
  4.4758	  2.9838	 -0.1995	  0.0495	  0.0000
  4.6415	  2.9838	 -0.1424	  0.0459	  0.0000
  4.8073	  2.9838	 -0.1110	 -0.0986	  0.0000
  4.9731	  2.9838	 -0.0946	 -0.1848	  0.0000
  5.1388	  2.9838	 -0.2599	 -0.4807	  0.0000
  5.3046	  2.9838	  0.0198	 -0.0205	  0.0000
  5.4704	  2.9838	 -0.0352	 -0.0020	  0.0000
  5.6361	  2.9838	 -0.0231	 -0.0110	  0.0000
  5.8019	  2.9838	 -7.8371	  6.6668	  0.0000
  5.9677	  2.9838	 -0.3473	  0.4583	  0.0000
  6.1334	  2.9838	 -0.0000	 -0.7560	  0.0000
  6.2992	  2.9838	 -0.0394	 -0.4944	  0.0000
  6.4650	  2.9838	  0.0015	  0.0049	  0.0000
  0.1658	  2.8181	  0.9867	 -0.3731	  0.0000
  0.3315	  2.8181	 -0.0080	  0.0138	  0.0000
  0.4973	  2.8181	 -0.0167	  0.0087	  0.0000
  0.6631	  2.8181	  0.0076	  0.0046	  0.0000
  0.8288	  2.8181	 -0.1108	  0.2549	  0.0000
  0.9946	  2.8181	  6.1421	  3.2876	  0.0000
  1.1604	  2.8181	  1.3397	  0.2155	  0.0000
  1.3262	  2.8181	  0.3451	 -0.0735	  0.0000
  1.4919	  2.8181	  0.1244	 -0.0478	  0.0000
  1.6577	  2.8181	 -0.0590	  0.0120	  0.0000
  1.8235	  2.8181	 -0.1510	 -0.1035	  0.0000
  1.9892	  2.8181	 -0.0666	 -0.0993	  0.0000
  2.1550	  2.8181	 -0.0736	 -0.1311	  0.0000
  2.3208	  2.8181	 -0.0654	 -0.0941	  0.0000
  2.4865	  2.8181	 -0.1250	 -0.0161	  0.0000
  2.6523	  2.8181	 -0.0562	  0.0156	  0.0000
  2.8181	  2.8181	 -0.5462	  0.8883	  0.0000
  2.9838	  2.8181	 -0.1843	  0.4133	  0.0000
  3.1496	  2.8181	  6.6692	 -4.1658	  0.0000
  3.3154	  2.8181	  0.0660	 -0.1292	  0.0000
  3.4811	  2.8181	  0.1885	 -0.0932	  0.0000
  3.6469	  2.8181	  0.0054	 -0.0046	  0.0000
  3.8127	  2.8181	  0.0048	 -0.0015	  0.0000
  3.9785	  2.8181	  0.1329	  0.1014	  0.0000
  4.1442	  2.8181	  0.0046	  0.0568	  0.0000
  4.3100	  2.8181	 -0.2411	 -0.0039	  0.0000
  4.4758	  2.8181	 -0.2157	  0.0554	  0.0000
  4.6415	  2.8181	 -0.1029	  0.0549	  0.0000
  4.8073	  2.8181	  0.0035	  0.0107	  0.0000
  4.9731	  2.8181	 -0.0549	 -0.0431	  0.0000
  5.1388	  2.8181	  0.1260	 -0.2185	  0.0000
  5.3046	  2.8181	  0.0146	 -0.0216	  0.0000
  5.4704	  2.8181	 -0.0608	  0.0084	  0.0000
  5.6361	  2.8181	 -0.0302	  0.0024	  0.0000
  5.8019	  2.8181	  0.4480	  3.9840	  0.0000
  5.9677	  2.8181	  0.7892	 -0.5180	  0.0000
  6.1334	  2.8181	 -0.3335	  0.4348	  0.0000
  6.2992	  2.8181	 -0.0422	  0.0065	  0.0000
  6.4650	  2.8181	  0.0021	 -0.0121	  0.0000
  0.1658	  2.6523	 -0.0245	  2.0610	  0.0000
  0.3315	  2.6523	  0.0197	 -0.0059	  0.0000
  0.4973	  2.6523	  0.0141	 -0.0056	  0.0000
  0.6631	  2.6523	 -0.0005	 -0.0519	  0.0000
  0.8288	  2.6523	  0.0962	 -0.2295	  0.0000
  0.9946	  2.6523	 -0.4729	 -0.0071	  0.0000
  1.1604	  2.6523	  0.4318	 -0.0472	  0.0000
  1.3262	  2.6523	 -0.9089	 -2.5734	  0.0000
  1.4919	  2.6523	  0.0532	 -0.1619	  0.0000
  1.6577	  2.6523	 -0.0277	  0.0750	  0.0000
  1.8235	  2.6523	 -0.1271	  0.1130	  0.0000
  1.9892	  2.6523	 -0.1165	  0.2146	  0.0000
  2.1550	  2.6523	 -0.1982	  0.1918	  0.0000
  2.3208	  2.6523	 -0.0798	  0.0356	  0.0000
  2.4865	  2.6523	 -0.0679	  0.0358	  0.0000
  2.6523	  2.6523	 -0.0098	  0.0567	  0.0000
  2.8181	  2.6523	 -0.8574	  0.8463	  0.0000
  2.9838	  2.6523	 -0.2912	  0.4845	  0.0000
  3.1496	  2.6523	 -0.5045	 -1.3037	  0.0000
  3.3154	  2.6523	 -0.0168	 -0.0932	  0.0000
  3.4811	  2.6523	  0.0135	 -0.0770	  0.0000
  3.6469	  2.6523	  0.0047	 -0.0098	  0.0000
  3.8127	  2.6523	  0.0044	 -0.0058	  0.0000
  3.9785	  2.6523	  0.4258	 -0.3996	  0.0000
  4.1442	  2.6523	  0.1288	 -0.1645	  0.0000
  4.3100	  2.6523	 -0.1936	  0.0675	  0.0000
  4.4758	  2.6523	 -0.1674	  0.0656	  0.0000
  4.6415	  2.6523	  0.0134	  0.0372	  0.0000
  4.8073	  2.6523	  0.0558	 -0.0076	  0.0000
  4.9731	  2.6523	 -0.0160	 -0.0330	  0.0000
  5.1388	  2.6523	  0.0641	 -0.0770	  0.0000
  5.3046	  2.6523	  0.0200	 -0.0045	  0.0000
  5.4704	  2.6523	  0.0404	  0.0279	  0.0000
  5.6361	  2.6523	  0.0071	  0.0230	  0.0000
  5.8019	  2.6523	 -0.0536	  0.1763	  0.0000
  5.9677	  2.6523	 -0.3275	  0.4054	  0.0000
  6.1334	  2.6523	 -0.3230	  0.4048	  0.0000
  6.2992	  2.6523	 -0.0269	 -0.0373	  0.0000
  6.4650	  2.6523	  0.0004	  0.0009	  0.0000
  0.1658	  2.4865	  0.1024	  6.8243	  0.0000
  0.3315	  2.4865	  0.0161	  0.0043	  0.0000
  0.4973	  2.4865	 -0.0222	 -0.0025	  0.0000
  0.6631	  2.4865	 -0.0072	 -0.0950	  0.0000
  0.8288	  2.4865	  0.1887	 -0.6112	  0.0000
  0.9946	  2.4865	  0.0005	 -0.0967	  0.0000
  1.1604	  2.4865	  1.4635	 -0.0049	  0.0000
  1.3262	  2.4865	  0.1769	 -0.0656	  0.0000
  1.4919	  2.4865	 -0.0037	 -0.0146	  0.0000
  1.6577	  2.4865	 -0.0504	  0.0387	  0.0000
  1.8235	  2.4865	 -0.2136	  0.1106	  0.0000
  1.9892	  2.4865	 -0.1623	  0.1596	  0.0000
  2.1550	  2.4865	 -0.8574	  0.3623	  0.0000
  2.3208	  2.4865	  0.3199	  0.2018	  0.0000
  2.4865	  2.4865	  0.1630	  0.2421	  0.0000
  2.6523	  2.4865	  0.0714	  0.2708	  0.0000
  2.8181	  2.4865	 -1.0765	  0.1244	  0.0000
  2.9838	  2.4865	  1.4514	 -4.1089	  0.0000
  3.1496	  2.4865	 -7.2503	 -5.9823	  0.0000
  3.3154	  2.4865	 -0.6720	  0.7325	  0.0000
  3.4811	  2.4865	 -3.4833	  0.6018	  0.0000
  3.6469	  2.4865	  0.0068	 -0.0078	  0.0000
  3.8127	  2.4865	  0.0065	 -0.0082	  0.0000
  3.9785	  2.4865	  0.2868	 -0.3514	  0.0000
  4.1442	  2.4865	  0.0923	  0.0592	  0.0000
  4.3100	  2.4865	 -0.1158	  0.1214	  0.0000
  4.4758	  2.4865	 -0.0602	  0.0495	  0.0000
  4.6415	  2.4865	 -0.0186	  0.0410	  0.0000
  4.8073	  2.4865	  0.0141	  0.0008	  0.0000
  4.9731	  2.4865	 -0.0102	 -0.0308	  0.0000
  5.1388	  2.4865	 -0.0105	 -0.0535	  0.0000
  5.3046	  2.4865	  0.0186	 -0.0180	  0.0000
  5.4704	  2.4865	 -0.0674	  0.0023	  0.0000
  5.6361	  2.4865	 -0.0332	  0.0070	  0.0000
  5.8019	  2.4865	 -0.0498	  0.1646	  0.0000
  5.9677	  2.4865	  0.0491	 -0.0650	  0.0000
  6.1334	  2.4865	  0.0040	 -0.0891	  0.0000
  6.2992	  2.4865	 -0.0222	 -0.1341	  0.0000
  6.4650	  2.4865	 -0.0004	  0.0015	  0.0000
  0.1658	  2.3208	  0.1789	 -0.0321	  0.0000
  0.3315	  2.3208	 -0.0215	  0.0286	  0.0000
  0.4973	  2.3208	  0.0062	  0.0248	  0.0000
  0.6631	  2.3208	  0.0437	 -0.0072	  0.0000
  0.8288	  2.3208	  3.5969	  2.7557	  0.0000
  0.9946	  2.3208	  0.0609	  0.2829	  0.0000
  1.1604	  2.3208	  1.4620	  0.1595	  0.0000
  1.3262	  2.3208	  0.1989	  0.2512	  0.0000
  1.4919	  2.3208	 -0.0057	 -0.0500	  0.0000
  1.6577	  2.3208	 -0.0104	  0.0721	  0.0000
  1.8235	  2.3208	 -0.0960	  0.1662	  0.0000
  1.9892	  2.3208	 -0.1752	  0.0976	  0.0000
  2.1550	  2.3208	  7.0984	  5.2916	  0.0000
  2.3208	  2.3208	  3.0184	  4.7779	  0.0000
  2.4865	  2.3208	  1.6486	 -2.6280	  0.0000
  2.6523	  2.3208	  1.3633	 -2.7448	  0.0000
  2.8181	  2.3208	 -0.7839	 -0.5293	  0.0000
  2.9838	  2.3208	 -0.6011	 -0.3205	  0.0000
  3.1496	  2.3208	 -0.5437	 -0.2023	  0.0000
  3.3154	  2.3208	 -0.1948	  0.4838	  0.0000
  3.4811	  2.3208	 -0.1569	  0.4930	  0.0000
  3.6469	  2.3208	 -0.0012	 -0.0015	  0.0000
  3.8127	  2.3208	 -0.0014	 -0.0006	  0.0000
  3.9785	  2.3208	  0.0669	  0.0058	  0.0000
  4.1442	  2.3208	  0.0847	  0.1604	  0.0000
  4.3100	  2.3208	 -0.0226	  0.0507	  0.0000
  4.4758	  2.3208	  0.0152	 -0.0387	  0.0000
  4.6415	  2.3208	 -0.0030	  0.0361	  0.0000
  4.8073	  2.3208	  0.0001	  0.0579	  0.0000
  4.9731	  2.3208	  0.0201	  0.0501	  0.0000
  5.1388	  2.3208	 -0.0272	  0.0326	  0.0000
  5.3046	  2.3208	  0.0167	 -0.0055	  0.0000
  5.4704	  2.3208	 -0.0237	 -0.0053	  0.0000
  5.6361	  2.3208	 -0.0329	 -0.0124	  0.0000
  5.8019	  2.3208	 -0.0440	 -0.1259	  0.0000
  5.9677	  2.3208	  0.0491	 -0.0650	  0.0000
  6.1334	  2.3208	  0.0040	 -0.0891	  0.0000
  6.2992	  2.3208	 -0.0222	 -0.1341	  0.0000
  6.4650	  2.3208	 -0.0027	 -0.0014	  0.0000
  0.1658	  2.1550	  0.1095	 -0.0792	  0.0000
  0.3315	  2.1550	 -0.0191	 -0.0119	  0.0000
  0.4973	  2.1550	  0.0455	 -0.0057	  0.0000
  0.6631	  2.1550	  0.0795	  0.0145	  0.0000
  0.8288	  2.1550	  3.4886	  2.1772	  0.0000
  0.9946	  2.1550	  0.0228	  0.5277	  0.0000
  1.1604	  2.1550	  0.3413	  0.0808	  0.0000
  1.3262	  2.1550	  0.2076	  0.0990	  0.0000
  1.4919	  2.1550	 -0.1020	  0.0268	  0.0000
  1.6577	  2.1550	  0.0027	  0.2323	  0.0000
  1.8235	  2.1550	 -0.0298	  0.2366	  0.0000
  1.9892	  2.1550	 -0.1818	  0.0312	  0.0000
  2.1550	  2.1550	 -0.0381	  0.0304	  0.0000
  2.3208	  2.1550	 -1.6919	 -0.6002	  0.0000
  2.4865	  2.1550	 -1.6034	 -0.6896	  0.0000
  2.6523	  2.1550	 -0.1161	  0.0317	  0.0000
  2.8181	  2.1550	 -0.0664	  0.0106	  0.0000
  2.9838	  2.1550	  1.4025	 -0.0811	  0.0000
  3.1496	  2.1550	  0.5865	 -0.2619	  0.0000
  3.3154	  2.1550	 -0.0629	  0.5457	  0.0000
  3.4811	  2.1550	 -0.1670	  0.6667	  0.0000
  3.6469	  2.1550	 -0.0018	 -0.0014	  0.0000
  3.8127	  2.1550	 -0.0018	 -0.0015	  0.0000
  3.9785	  2.1550	  0.0431	 -0.1148	  0.0000
  4.1442	  2.1550	  0.1844	  0.0369	  0.0000
  4.3100	  2.1550	  0.0958	 -0.0171	  0.0000
  4.4758	  2.1550	  0.0533	 -0.0476	  0.0000
  4.6415	  2.1550	  0.0135	 -0.0116	  0.0000
  4.8073	  2.1550	 -0.0053	  0.0004	  0.0000
  4.9731	  2.1550	  0.0221	 -0.0041	  0.0000
  5.1388	  2.1550	  0.0218	  0.0460	  0.0000
  5.3046	  2.1550	  0.0220	  0.0282	  0.0000
  5.4704	  2.1550	  0.0200	  0.0042	  0.0000
  5.6361	  2.1550	 -0.0167	 -0.0032	  0.0000
  5.8019	  2.1550	 -0.0072	 -0.0712	  0.0000
  5.9677	  2.1550	 -2.1278	 -1.8876	  0.0000
  6.1334	  2.1550	 -0.0300	  0.0233	  0.0000
  6.2992	  2.1550	 -0.0300	  0.0233	  0.0000
  6.4650	  2.1550	 -0.0040	  0.0006	  0.0000
  0.1658	  1.9892	 -0.0113	 -0.0679	  0.0000
  0.3315	  1.9892	 -0.0797	  0.0152	  0.0000
  0.4973	  1.9892	 -0.1481	  0.0197	  0.0000
  0.6631	  1.9892	  0.0089	  0.0165	  0.0000
  0.8288	  1.9892	  4.1147	 -2.9218	  0.0000
  0.9946	  1.9892	 -0.0005	 -0.0090	  0.0000
  1.1604	  1.9892	  0.0641	  0.1691	  0.0000
  1.3262	  1.9892	  0.0461	  0.1909	  0.0000
  1.4919	  1.9892	  0.1318	  0.3521	  0.0000
  1.6577	  1.9892	  0.1883	  0.3524	  0.0000
  1.8235	  1.9892	 -0.0990	  0.3436	  0.0000
  1.9892	  1.9892	 -0.4452	  0.1783	  0.0000
  2.1550	  1.9892	 -0.0288	  0.0619	  0.0000
  2.3208	  1.9892	 -1.8709	 -0.6264	  0.0000
  2.4865	  1.9892	 -6.0814	  2.1679	  0.0000
  2.6523	  1.9892	 -6.0794	  2.4274	  0.0000
  2.8181	  1.9892	 -0.2527	 -0.3273	  0.0000
  2.9838	  1.9892	 -0.2354	 -0.5280	  0.0000
  3.1496	  1.9892	  0.1360	 -0.2234	  0.0000
  3.3154	  1.9892	 -0.4232	  2.6808	  0.0000
  3.4811	  1.9892	  0.4578	  1.3123	  0.0000
  3.6469	  1.9892	  0.0064	  0.0006	  0.0000
  3.8127	  1.9892	  0.0064	 -0.0006	  0.0000
  3.9785	  1.9892	 -0.1263	  0.1317	  0.0000
  4.1442	  1.9892	  0.1809	  0.0266	  0.0000
  4.3100	  1.9892	  0.1503	  0.0061	  0.0000
  4.4758	  1.9892	  0.0327	 -0.0244	  0.0000
  4.6415	  1.9892	 -0.0058	 -0.0095	  0.0000
  4.8073	  1.9892	 -0.0497	  0.0479	  0.0000
  4.9731	  1.9892	 -0.0390	  0.0293	  0.0000
  5.1388	  1.9892	  0.1035	 -0.1033	  0.0000
  5.3046	  1.9892	  0.0487	 -0.0097	  0.0000
  5.4704	  1.9892	  0.0332	  0.0105	  0.0000
  5.6361	  1.9892	 -0.0129	  0.0096	  0.0000
  5.8019	  1.9892	 -0.6309	  4.7718	  0.0000
  5.9677	  1.9892	  0.0032	  0.0140	  0.0000
  6.1334	  1.9892	 -0.0014	  0.0385	  0.0000
  6.2992	  1.9892	 -0.0090	  0.0371	  0.0000
  6.4650	  1.9892	 -0.0017	  0.0048	  0.0000
  0.1658	  1.8235	  1.1561	 -0.1411	  0.0000
  0.3315	  1.8235	 -0.1735	  0.0341	  0.0000
  0.4973	  1.8235	 -0.2493	  0.0386	  0.0000
  0.6631	  1.8235	 -0.0553	  0.1584	  0.0000
  0.8288	  1.8235	 -1.0496	  3.1504	  0.0000
  0.9946	  1.8235	 -0.0007	  0.0532	  0.0000
  1.1604	  1.8235	  0.0698	  0.0385	  0.0000
  1.3262	  1.8235	  0.0447	  0.0317	  0.0000
  1.4919	  1.8235	  1.1651	  2.0180	  0.0000
  1.6577	  1.8235	  2.0971	  3.4210	  0.0000
  1.8235	  1.8235	 -1.1009	  2.2324	  0.0000
  1.9892	  1.8235	  1.0432	  0.3655	  0.0000
  2.1550	  1.8235	  1.0432	  0.3655	  0.0000
  2.3208	  1.8235	 -2.0547	 -0.6231	  0.0000
  2.4865	  1.8235	 -6.0930	  2.0377	  0.0000
  2.6523	  1.8235	 -1.4863	 -0.0618	  0.0000
  2.8181	  1.8235	  0.0071	 -6.5082	  0.0000
  2.9838	  1.8235	 -0.1025	 -0.4733	  0.0000
  3.1496	  1.8235	  0.0582	 -0.5418	  0.0000
  3.3154	  1.8235	  0.6135	  2.7592	  0.0000
  3.4811	  1.8235	  0.5466	  2.7397	  0.0000
  3.6469	  1.8235	  0.0040	  0.0041	  0.0000
  3.8127	  1.8235	  0.0040	  0.0035	  0.0000
  3.9785	  1.8235	  3.1932	  1.6976	  0.0000
  4.1442	  1.8235	  0.1999	 -0.1151	  0.0000
  4.3100	  1.8235	  0.0552	 -0.0427	  0.0000
  4.4758	  1.8235	  0.0020	 -0.0328	  0.0000
  4.6415	  1.8235	  0.0137	 -0.0318	  0.0000
  4.8073	  1.8235	 -0.0312	  0.0423	  0.0000
  4.9731	  1.8235	 -0.0487	  0.0593	  0.0000
  5.1388	  1.8235	  0.0909	 -0.0819	  0.0000
  5.3046	  1.8235	  0.0732	 -0.0399	  0.0000
  5.4704	  1.8235	  0.1981	  0.0170	  0.0000
  5.6361	  1.8235	  0.0145	  0.0259	  0.0000
  5.8019	  1.8235	  0.0676	  0.0395	  0.0000
  5.9677	  1.8235	  0.0005	  0.0122	  0.0000
  6.1334	  1.8235	 -0.0068	  0.0301	  0.0000
  6.2992	  1.8235	 -0.0117	  0.0316	  0.0000
  6.4650	  1.8235	  0.0005	  0.0046	  0.0000
  0.1658	  1.6577	 -0.0338	 -0.3264	  0.0000
  0.3315	  1.6577	 -0.2522	 -0.0001	  0.0000
  0.4973	  1.6577	 -0.2070	  0.0134	  0.0000
  0.6631	  1.6577	 -0.0104	  6.7139	  0.0000
  0.8288	  1.6577	 -1.4736	  2.6707	  0.0000
  0.9946	  1.6577	  5.2506	  3.7842	  0.0000
  1.1604	  1.6577	 -0.0634	 -0.4086	  0.0000
  1.3262	  1.6577	 -0.0666	 -0.4622	  0.0000
  1.4919	  1.6577	  0.4258	 -2.3169	  0.0000
  1.6577	  1.6577	 -1.1805	  2.5033	  0.0000
  1.8235	  1.6577	 -0.0737	  2.2396	  0.0000
  1.9892	  1.6577	  4.5201	 -6.0908	  0.0000
  2.1550	  1.6577	 -6.3158	 -5.4408	  0.0000
  2.3208	  1.6577	 -5.6135	  0.9612	  0.0000
  2.4865	  1.6577	 -0.0857	 -0.2405	  0.0000
  2.6523	  1.6577	 -1.1054	 -0.4619	  0.0000
  2.8181	  1.6577	  0.0817	 -0.1622	  0.0000
  2.9838	  1.6577	  0.1686	 -0.2159	  0.0000
  3.1496	  1.6577	 -2.8907	  0.7784	  0.0000
  3.3154	  1.6577	  0.2632	 -0.0000	  0.0000
  3.4811	  1.6577	 -2.8001	 -2.4630	  0.0000
  3.6469	  1.6577	  0.0006	 -0.0009	  0.0000
  3.8127	  1.6577	 -0.0011	  0.0007	  0.0000
  3.9785	  1.6577	 -0.5935	  0.2428	  0.0000
  4.1442	  1.6577	  0.0316	 -0.1198	  0.0000
  4.3100	  1.6577	 -0.0210	 -0.0976	  0.0000
  4.4758	  1.6577	 -0.0025	 -0.0350	  0.0000
  4.6415	  1.6577	  0.0695	 -0.0152	  0.0000
  4.8073	  1.6577	  0.0081	 -0.0049	  0.0000
  4.9731	  1.6577	 -0.0541	  0.0168	  0.0000
  5.1388	  1.6577	  0.0320	 -0.0232	  0.0000
  5.3046	  1.6577	  0.0560	 -0.0181	  0.0000
  5.4704	  1.6577	  0.1715	  0.0137	  0.0000
  5.6361	  1.6577	  0.0067	  0.0332	  0.0000
  5.8019	  1.6577	  0.0717	  0.0395	  0.0000
  5.9677	  1.6577	  0.0121	  0.0231	  0.0000
  6.1334	  1.6577	  0.0019	  0.0257	  0.0000
  6.2992	  1.6577	  0.0017	  0.0146	  0.0000
  6.4650	  1.6577	  0.0005	  0.0029	  0.0000
  0.1658	  1.4919	 -0.0536	 -0.2236	  0.0000
  0.3315	  1.4919	 -0.2293	 -0.0820	  0.0000
  0.4973	  1.4919	 -0.0764	 -0.0622	  0.0000
  0.6631	  1.4919	  1.1154	  2.2019	  0.0000
  0.8288	  1.4919	  0.8908	  2.4080	  0.0000
  0.9946	  1.4919	  0.0747	  0.5000	  0.0000
  1.1604	  1.4919	  0.1486	 -0.1992	  0.0000
  1.3262	  1.4919	 -0.0525	 -0.3327	  0.0000
  1.4919	  1.4919	  0.0102	 -2.4218	  0.0000
  1.6577	  1.4919	 -0.0482	  0.0467	  0.0000
  1.8235	  1.4919	 -0.0281	  0.0405	  0.0000
  1.9892	  1.4919	  0.7265	  0.3771	  0.0000
  2.1550	  1.4919	 -0.1288	  0.3137	  0.0000
  2.3208	  1.4919	 -0.2312	  0.6243	  0.0000
  2.4865	  1.4919	 -0.1349	 -0.0971	  0.0000
  2.6523	  1.4919	  4.9377	 -0.6474	  0.0000
  2.8181	  1.4919	 -7.9074	  2.1371	  0.0000
  2.9838	  1.4919	 -0.9425	  0.4020	  0.0000
  3.1496	  1.4919	 -0.3775	 -0.0791	  0.0000
  3.3154	  1.4919	  3.8484	  1.6908	  0.0000
  3.4811	  1.4919	  2.6273	  1.2390	  0.0000
  3.6469	  1.4919	  0.0057	  0.0083	  0.0000
  3.8127	  1.4919	  0.0051	  0.0257	  0.0000
  3.9785	  1.4919	 -0.3807	  0.3874	  0.0000
  4.1442	  1.4919	 -0.0505	  0.0093	  0.0000
  4.3100	  1.4919	 -0.0732	  0.0163	  0.0000
  4.4758	  1.4919	  0.0097	  0.0274	  0.0000
  4.6415	  1.4919	  0.0696	  0.0083	  0.0000
  4.8073	  1.4919	  0.0137	  0.0013	  0.0000
  4.9731	  1.4919	 -0.0323	 -0.0117	  0.0000
  5.1388	  1.4919	 -0.0205	  0.0040	  0.0000
  5.3046	  1.4919	 -0.0041	  0.0112	  0.0000
  5.4704	  1.4919	 -0.0823	  0.0117	  0.0000
  5.6361	  1.4919	 -0.0142	  0.0308	  0.0000
  5.8019	  1.4919	  0.0462	  0.0387	  0.0000
  5.9677	  1.4919	 -0.0023	  0.0298	  0.0000
  6.1334	  1.4919	 -0.0034	  0.0334	  0.0000
  6.2992	  1.4919	  0.0019	  0.0101	  0.0000
  6.4650	  1.4919	  0.0007	  0.0018	  0.0000
  0.1658	  1.3262	  0.0060	  0.1018	  0.0000
  0.3315	  1.3262	 -0.0321	  0.0064	  0.0000
  0.4973	  1.3262	 -0.0027	 -0.0125	  0.0000
  0.6631	  1.3262	  1.0403	  2.3923	  0.0000
  0.8288	  1.3262	  1.0785	  2.7945	  0.0000
  0.9946	  1.3262	  0.0866	  0.4906	  0.0000
  1.1604	  1.3262	  0.3057	 -0.0926	  0.0000
  1.3262	  1.3262	  0.3649	 -0.3126	  0.0000
  1.4919	  1.3262	 -0.2337	 -0.9358	  0.0000
  1.6577	  1.3262	 -0.0576	  0.0467	  0.0000
  1.8235	  1.3262	 -0.0245	  0.0629	  0.0000
  1.9892	  1.3262	  0.3451	  2.9327	  0.0000
  2.1550	  1.3262	  0.0000	  0.7377	  0.0000
  2.3208	  1.3262	  0.5180	 -0.5180	  0.0000
  2.4865	  1.3262	  3.0858	  2.7435	  0.0000
  2.6523	  1.3262	 -1.2552	  0.1458	  0.0000
  2.8181	  1.3262	  2.0784	 -1.4725	  0.0000
  2.9838	  1.3262	 -0.1309	 -0.5635	  0.0000
  3.1496	  1.3262	 -0.4456	 -0.1737	  0.0000
  3.3154	  1.3262	 -0.5693	 -0.2201	  0.0000
  3.4811	  1.3262	 -0.4799	  0.4230	  0.0000
  3.6469	  1.3262	  0.0079	  0.0121	  0.0000
  3.8127	  1.3262	  0.0096	  0.0254	  0.0000
  3.9785	  1.3262	  0.2213	  0.5843	  0.0000
  4.1442	  1.3262	  0.0311	  0.0162	  0.0000
  4.3100	  1.3262	 -0.0389	  0.0403	  0.0000
  4.4758	  1.3262	  0.0049	  0.0500	  0.0000
  4.6415	  1.3262	  0.0547	  0.0081	  0.0000
  4.8073	  1.3262	  0.0208	 -0.0070	  0.0000
  4.9731	  1.3262	 -0.0123	  0.0213	  0.0000
  5.1388	  1.3262	 -0.0404	  0.1350	  0.0000
  5.3046	  1.3262	 -0.0055	  0.0558	  0.0000
  5.4704	  1.3262	 -0.0615	  0.0079	  0.0000
  5.6361	  1.3262	 -0.0073	 -0.0096	  0.0000
  5.8019	  1.3262	  0.0615	  0.0372	  0.0000
  5.9677	  1.3262	 -0.0013	  0.0109	  0.0000
  6.1334	  1.3262	 -0.0024	  0.0133	  0.0000
  6.2992	  1.3262	  0.0052	  0.0038	  0.0000
  6.4650	  1.3262	  0.0014	 -0.0067	  0.0000
  0.1658	  1.1604	  0.0323	  0.1567	  0.0000
  0.3315	  1.1604	  0.0952	  0.1044	  0.0000
  0.4973	  1.1604	  0.0086	  0.0916	  0.0000
  0.6631	  1.1604	 -0.2925	  0.9282	  0.0000
  0.8288	  1.1604	 -0.1096	  0.7962	  0.0000
  0.9946	  1.1604	 -3.9449	  0.5181	  0.0000
  1.1604	  1.1604	  2.5752	 -0.3897	  0.0000
  1.3262	  1.1604	 -0.7100	  1.9662	  0.0000
  1.4919	  1.1604	 -3.2752	  2.1741	  0.0000
  1.6577	  1.1604	  1.8282	  3.6374	  0.0000
  1.8235	  1.1604	  0.9982	  2.4853	  0.0000
  1.9892	  1.1604	  4.7612	  0.6531	  0.0000
  2.1550	  1.1604	  6.6794	 -1.5647	  0.0000
  2.3208	  1.1604	 -5.7962	  1.3587	  0.0000
  2.4865	  1.1604	  0.7399	  1.8855	  0.0000
  2.6523	  1.1604	  0.7382	  1.8856	  0.0000
  2.8181	  1.1604	  0.2477	 -4.7021	  0.0000
  2.9838	  1.1604	 -3.4005	  1.2303	  0.0000
  3.1496	  1.1604	 -0.5431	 -0.1560	  0.0000
  3.3154	  1.1604	 -0.2119	 -4.8023	  0.0000
  3.4811	  1.1604	 -1.2370	  0.0575	  0.0000
  3.6469	  1.1604	  0.0058	  0.0078	  0.0000
  3.8127	  1.1604	  0.0078	  0.0006	  0.0000
  3.9785	  1.1604	  0.2066	 -0.0757	  0.0000
  4.1442	  1.1604	  0.0303	  0.0148	  0.0000
  4.3100	  1.1604	  0.0077	  0.0292	  0.0000
  4.4758	  1.1604	 -0.0156	 -0.0129	  0.0000
  4.6415	  1.1604	 -0.0250	 -0.0128	  0.0000
  4.8073	  1.1604	 -0.0024	  0.0208	  0.0000
  4.9731	  1.1604	 -0.0210	  0.0731	  0.0000
  5.1388	  1.1604	 -0.0247	  0.1574	  0.0000
  5.3046	  1.1604	  0.0152	  0.0404	  0.0000
  5.4704	  1.1604	  0.0451	  0.0119	  0.0000
  5.6361	  1.1604	  0.0096	 -0.0031	  0.0000
  5.8019	  1.1604	  0.0858	  0.0229	  0.0000
  5.9677	  1.1604	  0.0184	 -0.0409	  0.0000
  6.1334	  1.1604	 -0.0026	 -0.0017	  0.0000
  6.2992	  1.1604	 -0.0058	  0.0310	  0.0000
  6.4650	  1.1604	 -0.0001	 -0.0039	  0.0000
  0.1658	  0.9946	  0.0649	 -0.1485	  0.0000
  0.3315	  0.9946	  0.1278	 -0.0044	  0.0000
  0.4973	  0.9946	 -0.0042	  0.0652	  0.0000
  0.6631	  0.9946	 -2.4184	  5.3082	  0.0000
  0.8288	  0.9946	 -3.9496	  0.5097	  0.0000
  0.9946	  0.9946	 -3.9449	  0.5181	  0.0000
  1.1604	  0.9946	  1.3573	 -2.6488	  0.0000
  1.3262	  0.9946	 -2.9328	  3.3524	  0.0000
  1.4919	  0.9946	 -3.0473	  3.3312	  0.0000
  1.6577	  0.9946	 -0.5255	  5.3212	  0.0000
  1.8235	  0.9946	 -0.5255	  5.3212	  0.0000
  1.9892	  0.9946	 -2.5207	  1.6640	  0.0000
  2.1550	  0.9946	 -0.5499	 -1.0624	  0.0000
  2.3208	  0.9946	 -5.8707	 -0.3991	  0.0000
  2.4865	  0.9946	  1.3563	  3.7019	  0.0000
  2.6523	  0.9946	  1.3466	  3.7054	  0.0000
  2.8181	  0.9946	 -6.8642	 -2.6160	  0.0000
  2.9838	  0.9946	  3.2411	  0.4120	  0.0000
  3.1496	  0.9946	 -0.1030	  0.0760	  0.0000
  3.3154	  0.9946	 -2.0998	  6.9721	  0.0000
  3.4811	  0.9946	 -7.0578	  7.1486	  0.0000
  3.6469	  0.9946	  0.0204	  0.0054	  0.0000
  3.8127	  0.9946	  0.0169	 -0.0006	  0.0000
  3.9785	  0.9946	 -0.0708	  0.0910	  0.0000
  4.1442	  0.9946	 -0.0652	  0.0814	  0.0000
  4.3100	  0.9946	 -0.1920	  0.1019	  0.0000
  4.4758	  0.9946	 -0.0117	  0.0504	  0.0000
  4.6415	  0.9946	 -0.0978	  0.0720	  0.0000
  4.8073	  0.9946	 -0.0219	  0.1198	  0.0000
  4.9731	  0.9946	  0.0442	  0.0365	  0.0000
  5.1388	  0.9946	  0.0188	  0.0423	  0.0000
  5.3046	  0.9946	  0.0397	 -0.0016	  0.0000
  5.4704	  0.9946	  0.0919	 -0.0071	  0.0000
  5.6361	  0.9946	  0.0041	 -0.0125	  0.0000
  5.8019	  0.9946	  0.0290	 -0.0631	  0.0000
  5.9677	  0.9946	  0.0467	 -0.0650	  0.0000
  6.1334	  0.9946	 -0.0150	  0.0717	  0.0000
  6.2992	  0.9946	 -0.0184	  0.0944	  0.0000
  6.4650	  0.9946	 -0.0011	  0.0034	  0.0000
  0.1658	  0.8288	  0.0724	 -0.2339	  0.0000
  0.3315	  0.8288	 -0.1749	 -0.0462	  0.0000
  0.4973	  0.8288	 -0.1154	  0.0326	  0.0000
  0.6631	  0.8288	  0.2778	 -2.6470	  0.0000
  0.8288	  0.8288	  1.5312	  3.2011	  0.0000
  0.9946	  0.8288	  1.6560	  3.1922	  0.0000
  1.1604	  0.8288	 -0.0280	  0.0096	  0.0000
  1.3262	  0.8288	 -0.0282	  0.0092	  0.0000
  1.4919	  0.8288	  5.4652	  1.8462	  0.0000
  1.6577	  0.8288	 -3.6293	 -0.0558	  0.0000
  1.8235	  0.8288	 -2.0663	 -3.7033	  0.0000
  1.9892	  0.8288	 -2.0122	 -3.8119	  0.0000
  2.1550	  0.8288	  0.0559	 -3.6867	  0.0000
  2.3208	  0.8288	 -0.5374	  0.0129	  0.0000
  2.4865	  0.8288	 -1.4537	 -0.2173	  0.0000
  2.6523	  0.8288	 -1.6297	  0.2419	  0.0000
  2.8181	  0.8288	 -6.7582	 -2.5733	  0.0000
  2.9838	  0.8288	  3.1398	  0.1638	  0.0000
  3.1496	  0.8288	 -0.0713	 -1.3015	  0.0000
  3.3154	  0.8288	 -1.3691	  2.6866	  0.0000
  3.4811	  0.8288	  0.1211	  0.6662	  0.0000
  3.6469	  0.8288	  0.0262	  0.0012	  0.0000
  3.8127	  0.8288	  0.0040	  0.0043	  0.0000
  3.9785	  0.8288	 -0.2297	  2.5786	  0.0000
  4.1442	  0.8288	 -0.1185	 -0.0481	  0.0000
  4.3100	  0.8288	 -0.1879	 -0.1106	  0.0000
  4.4758	  0.8288	  0.0055	 -0.0379	  0.0000
  4.6415	  0.8288	 -0.0433	  0.0518	  0.0000
  4.8073	  0.8288	 -0.0394	  0.0948	  0.0000
  4.9731	  0.8288	  0.1182	  0.1479	  0.0000
  5.1388	  0.8288	  0.0898	  0.0361	  0.0000
  5.3046	  0.8288	  0.0395	 -0.0125	  0.0000
  5.4704	  0.8288	  0.0209	  0.0099	  0.0000
  5.6361	  0.8288	 -0.0230	  0.0324	  0.0000
  5.8019	  0.8288	  0.0147	  0.0449	  0.0000
  5.9677	  0.8288	 -0.0761	 -2.1940	  0.0000
  6.1334	  0.8288	  0.0314	  0.1672	  0.0000
  6.2992	  0.8288	  0.0365	  0.1691	  0.0000
  6.4650	  0.8288	 -0.0033	  0.0024	  0.0000
  0.1658	  0.6631	 -0.0768	  0.1135	  0.0000
  0.3315	  0.6631	 -0.3815	  0.1071	  0.0000
  0.4973	  0.6631	 -0.0866	  0.0673	  0.0000
  0.6631	  0.6631	 -0.9548	 -4.5464	  0.0000
  0.8288	  0.6631	 -0.9757	 -4.4981	  0.0000
  0.9946	  0.6631	  2.0504	 -0.0762	  0.0000
  1.1604	  0.6631	 -0.0288	  0.0103	  0.0000
  1.3262	  0.6631	 -0.0288	  0.0101	  0.0000
  1.4919	  0.6631	 -0.7061	  0.9980	  0.0000
  1.6577	  0.6631	 -0.7198	  2.2412	  0.0000
  1.8235	  0.6631	 -0.5717	  0.4353	  0.0000
  1.9892	  0.6631	 -0.6914	  0.0772	  0.0000
  2.1550	  0.6631	  0.1502	 -3.2614	  0.0000
  2.3208	  0.6631	 -1.0656	 -0.0491	  0.0000
  2.4865	  0.6631	 -1.3724	 -0.1406	  0.0000
  2.6523	  0.6631	 -0.9586	  2.7324	  0.0000
  2.8181	  0.6631	  1.4353	  0.2004	  0.0000
  2.9838	  0.6631	  2.8774	  0.2034	  0.0000
  3.1496	  0.6631	 -0.7099	  0.4561	  0.0000
  3.3154	  0.6631	 -0.0978	  0.5837	  0.0000
  3.4811	  0.6631	  0.0476	  0.0911	  0.0000
  3.6469	  0.6631	  0.0166	 -0.0105	  0.0000
  3.8127	  0.6631	 -0.0113	 -0.0016	  0.0000
  3.9785	  0.6631	 -0.1460	  0.0935	  0.0000
  4.1442	  0.6631	 -0.0396	 -0.1321	  0.0000
  4.3100	  0.6631	 -0.1006	 -0.2110	  0.0000
  4.4758	  0.6631	  0.0875	 -0.2534	  0.0000
  4.6415	  0.6631	  0.1631	 -0.0943	  0.0000
  4.8073	  0.6631	 -0.0400	  0.1138	  0.0000
  4.9731	  0.6631	  0.2064	  0.1079	  0.0000
  5.1388	  0.6631	  1.9022	  1.2939	  0.0000
  5.3046	  0.6631	 -0.0028	  0.0063	  0.0000
  5.4704	  0.6631	 -0.0613	  0.0102	  0.0000
  5.6361	  0.6631	 -0.0119	  0.0172	  0.0000
  5.8019	  0.6631	 -0.0323	  0.0537	  0.0000
  5.9677	  0.6631	 -5.3746	 -0.1394	  0.0000
  6.1334	  0.6631	  0.9927	 -0.5181	  0.0000
  6.2992	  0.6631	  1.0465	 -0.4670	  0.0000
  6.4650	  0.6631	 -0.0063	  0.0012	  0.0000
  0.1658	  0.4973	 -0.1420	  0.2811	  0.0000
  0.3315	  0.4973	 -0.3137	  0.1481	  0.0000
  0.4973	  0.4973	  0.0246	 -0.1823	  0.0000
  0.6631	  0.4973	 -0.0014	 -0.2104	  0.0000
  0.8288	  0.4973	 -4.8659	 -0.7952	  0.0000
  0.9946	  0.4973	  1.9347	 -0.0197	  0.0000
  1.1604	  0.4973	  1.9246	 -0.0294	  0.0000
  1.3262	  0.4973	 -0.5496	  0.8663	  0.0000
  1.4919	  0.4973	 -0.9618	  0.6064	  0.0000
  1.6577	  0.4973	  0.3447	  2.2535	  0.0000
  1.8235	  0.4973	 -0.4302	  0.1154	  0.0000
  1.9892	  0.4973	  0.0318	  0.0188	  0.0000
  2.1550	  0.4973	  0.1065	  0.0709	  0.0000
  2.3208	  0.4973	 -0.8832	 -0.3192	  0.0000
  2.4865	  0.4973	 -7.5317	  0.0761	  0.0000
  2.6523	  0.4973	 -7.7426	 -0.9023	  0.0000
  2.8181	  0.4973	 -0.1664	  0.2146	  0.0000
  2.9838	  0.4973	 -3.8147	 -0.0350	  0.0000
  3.1496	  0.4973	 -0.4678	  5.2515	  0.0000
  3.3154	  0.4973	  2.5512	 -7.0505	  0.0000
  3.4811	  0.4973	  0.0149	 -0.0367	  0.0000
  3.6469	  0.4973	  0.0173	 -0.0081	  0.0000
  3.8127	  0.4973	 -0.0002	 -0.0034	  0.0000
  3.9785	  0.4973	 -0.0170	 -0.0340	  0.0000
  4.1442	  0.4973	 -2.7218	  4.6995	  0.0000
  4.3100	  0.4973	 -7.6453	 -4.1865	  0.0000
  4.4758	  0.4973	 -0.4149	  0.0368	  0.0000
  4.6415	  0.4973	  0.0540	  0.0052	  0.0000
  4.8073	  0.4973	 -0.0092	  0.0365	  0.0000
  4.9731	  0.4973	  0.2065	  0.0312	  0.0000
  5.1388	  0.4973	  1.8974	  1.3301	  0.0000
  5.3046	  0.4973	  0.0052	  0.0642	  0.0000
  5.4704	  0.4973	  0.0142	  0.0259	  0.0000
  5.6361	  0.4973	  0.0026	  0.0045	  0.0000
  5.8019	  0.4973	 -0.0267	  0.0114	  0.0000
  5.9677	  0.4973	 -5.0573	 -0.5211	  0.0000
  6.1334	  0.4973	 -0.7362	 -0.1654	  0.0000
  6.2992	  0.4973	 -0.9149	 -0.2108	  0.0000
  6.4650	  0.4973	 -0.0005	  0.0063	  0.0000
  0.1658	  0.3315	 -0.1243	  0.0831	  0.0000
  0.3315	  0.3315	 -0.2863	  0.0193	  0.0000
  0.4973	  0.3315	  0.0453	 -0.0197	  0.0000
  0.6631	  0.3315	 -0.0946	 -0.0816	  0.0000
  0.8288	  0.3315	 -0.0022	 -0.0684	  0.0000
  0.9946	  0.3315	  1.5773	  0.4289	  0.0000
  1.1604	  0.3315	  1.8610	 -0.0074	  0.0000
  1.3262	  0.3315	 -5.8008	  2.4097	  0.0000
  1.4919	  0.3315	 -5.9924	  2.1893	  0.0000
  1.6577	  0.3315	 -0.0178	  0.0205	  0.0000
  1.8235	  0.3315	 -0.0215	  0.0339	  0.0000
  1.9892	  0.3315	 -2.3667	  1.1057	  0.0000
  2.1550	  0.3315	  6.9191	 -1.2070	  0.0000
  2.3208	  0.3315	 -0.0632	  0.8739	  0.0000
  2.4865	  0.3315	  0.2209	 -0.1032	  0.0000
  2.6523	  0.3315	  0.4286	 -0.3352	  0.0000
  2.8181	  0.3315	 -2.8633	  1.5528	  0.0000
  2.9838	  0.3315	  1.0480	 -1.2365	  0.0000
  3.1496	  0.3315	  0.2307	 -0.6171	  0.0000
  3.3154	  0.3315	 -0.0039	  0.1979	  0.0000
  3.4811	  0.3315	 -0.0083	 -0.0075	  0.0000
  3.6469	  0.3315	  0.0066	 -0.0187	  0.0000
  3.8127	  0.3315	  0.0085	  0.0007	  0.0000
  3.9785	  0.3315	  0.0750	  0.0363	  0.0000
  4.1442	  0.3315	  0.1565	  0.1615	  0.0000
  4.3100	  0.3315	  0.3515	  0.5166	  0.0000
  4.4758	  0.3315	 -0.0401	  0.0585	  0.0000
  4.6415	  0.3315	 -0.0215	  0.0351	  0.0000
  4.8073	  0.3315	  0.0227	 -0.0024	  0.0000
  4.9731	  0.3315	  0.0241	 -0.0173	  0.0000
  5.1388	  0.3315	  0.0313	 -0.0146	  0.0000
  5.3046	  0.3315	  0.0026	  0.0084	  0.0000
  5.4704	  0.3315	  0.0075	  0.0143	  0.0000
  5.6361	  0.3315	 -0.0025	  0.0093	  0.0000
  5.8019	  0.3315	  0.0000	 -0.0075	  0.0000
  5.9677	  0.3315	 -5.2276	 -0.0925	  0.0000
  6.1334	  0.3315	 -0.9204	 -0.1162	  0.0000
  6.2992	  0.3315	 -0.0425	  0.0012	  0.0000
  6.4650	  0.3315	 -0.0011	 -0.0002	  0.0000
  0.1658	  0.1658	  0.3183	 -0.1545	  0.0000
  0.3315	  0.1658	 -0.6686	  0.8314	  0.0000
  0.4973	  0.1658	 -0.0853	  0.1900	  0.0000
  0.6631	  0.1658	 -0.1292	 -0.0826	  0.0000
  0.8288	  0.1658	 -0.0092	 -0.0689	  0.0000
  0.9946	  0.1658	  0.0132	 -0.1346	  0.0000
  1.1604	  0.1658	 -0.0554	  1.0355	  0.0000
  1.3262	  0.1658	 -5.9990	  1.8316	  0.0000
  1.4919	  0.1658	 -5.9771	  1.9704	  0.0000
  1.6577	  0.1658	 -0.0181	  0.0209	  0.0000
  1.8235	  0.1658	 -0.0144	  0.0303	  0.0000
  1.9892	  0.1658	 -2.0715	  1.3818	  0.0000
  2.1550	  0.1658	 -0.0293	 -0.0114	  0.0000
  2.3208	  0.1658	 -0.0326	  0.0366	  0.0000
  2.4865	  0.1658	  0.0247	  0.0520	  0.0000
  2.6523	  0.1658	  0.4307	 -0.6008	  0.0000
  2.8181	  0.1658	  0.1241	 -4.3349	  0.0000
  2.9838	  0.1658	 -0.1171	 -4.4678	  0.0000
  3.1496	  0.1658	  0.0455	 -0.5844	  0.0000
  3.3154	  0.1658	 -0.0361	 -0.6161	  0.0000
  3.4811	  0.1658	 -0.0097	  0.0040	  0.0000
  3.6469	  0.1658	  0.0022	 -0.0165	  0.0000
  3.8127	  0.1658	  0.0086	 -0.0057	  0.0000
  3.9785	  0.1658	  0.1778	  0.0703	  0.0000
  4.1442	  0.1658	  0.0943	  0.0921	  0.0000
  4.3100	  0.1658	  0.1269	  0.3190	  0.0000
  4.4758	  0.1658	 -0.0059	 -0.0796	  0.0000
  4.6415	  0.1658	 -0.0087	 -0.0709	  0.0000
  4.8073	  0.1658	  0.0030	 -0.0735	  0.0000
  4.9731	  0.1658	 -0.0059	 -0.0542	  0.0000
  5.1388	  0.1658	  0.0271	 -0.0528	  0.0000
  5.3046	  0.1658	 -0.0047	 -0.0431	  0.0000
  5.4704	  0.1658	 -0.0257	  0.0100	  0.0000
  5.6361	  0.1658	 -0.0024	  0.0021	  0.0000
  5.8019	  0.1658	 -0.0626	 -0.0216	  0.0000
  5.9677	  0.1658	 -1.0022	 -0.0830	  0.0000
  6.1334	  0.1658	 -1.0023	 -0.0837	  0.0000
  6.2992	  0.1658	 -0.0063	  0.0151	  0.0000
  6.4650	  0.1658	 -0.0019	 -0.0007	  0.0000
